100
##start
start 0 1
##end
end 1 0
0 0 0
1 1 1
2 2 2
3 3 3
4 4 4
5 5 5
6 6 6
7 7 7
8 8 8
9 9 9
10 10 10
11 11 11
12 12 12
13 13 13
14 14 14
15 15 15
16 16 16
17 17 17
18 18 18
19 19 19
20 20 20
21 21 21
22 22 22
23 23 23
24 24 24
25 25 25
26 26 26
27 27 27
28 28 28
29 29 29
30 30 30
31 31 31
32 32 32
33 33 33
34 34 34
35 35 35
36 36 36
37 37 37
38 38 38
39 39 39
40 40 40
41 41 41
42 42 42
43 43 43
44 44 44
45 45 45
46 46 46
47 47 47
48 48 48
49 49 49
50 50 50
51 51 51
52 52 52
53 53 53
54 54 54
55 55 55
56 56 56
57 57 57
58 58 58
59 59 59
60 60 60
61 61 61
62 62 62
63 63 63
64 64 64
65 65 65
66 66 66
67 67 67
68 68 68
69 69 69
70 70 70
71 71 71
72 72 72
73 73 73
74 74 74
75 75 75
76 76 76
77 77 77
78 78 78
79 79 79
80 80 80
81 81 81
82 82 82
83 83 83
84 84 84
85 85 85
86 86 86
87 87 87
88 88 88
89 89 89
90 90 90
91 91 91
92 92 92
93 93 93
94 94 94
95 95 95
96 96 96
97 97 97
98 98 98
99 99 99
100 100 100
101 101 101
102 102 102
103 103 103
104 104 104
105 105 105
106 106 106
107 107 107
108 108 108
109 109 109
110 110 110
111 111 111
112 112 112
113 113 113
114 114 114
115 115 115
116 116 116
117 117 117
118 118 118
119 119 119
120 120 120
121 121 121
122 122 122
123 123 123
124 124 124
125 125 125
126 126 126
127 127 127
128 128 128
129 129 129
130 130 130
131 131 131
132 132 132
133 133 133
134 134 134
135 135 135
136 136 136
137 137 137
138 138 138
139 139 139
140 140 140
141 141 141
142 142 142
143 143 143
144 144 144
145 145 145
146 146 146
147 147 147
148 148 148
149 149 149
150 150 150
151 151 151
152 152 152
153 153 153
154 154 154
155 155 155
156 156 156
157 157 157
158 158 158
159 159 159
160 160 160
161 161 161
162 162 162
163 163 163
164 164 164
165 165 165
166 166 166
167 167 167
168 168 168
169 169 169
170 170 170
171 171 171
172 172 172
173 173 173
174 174 174
175 175 175
176 176 176
177 177 177
178 178 178
179 179 179
180 180 180
181 181 181
182 182 182
183 183 183
184 184 184
185 185 185
186 186 186
187 187 187
188 188 188
189 189 189
190 190 190
191 191 191
192 192 192
193 193 193
194 194 194
195 195 195
196 196 196
197 197 197
198 198 198
199 199 199
200 200 200
201 201 201
202 202 202
203 203 203
204 204 204
205 205 205
206 206 206
207 207 207
208 208 208
209 209 209
210 210 210
211 211 211
212 212 212
213 213 213
214 214 214
215 215 215
216 216 216
217 217 217
218 218 218
219 219 219
220 220 220
221 221 221
222 222 222
223 223 223
224 224 224
225 225 225
226 226 226
227 227 227
228 228 228
229 229 229
230 230 230
231 231 231
232 232 232
233 233 233
234 234 234
235 235 235
236 236 236
237 237 237
238 238 238
239 239 239
240 240 240
241 241 241
242 242 242
243 243 243
244 244 244
245 245 245
246 246 246
247 247 247
248 248 248
249 249 249
250 250 250
251 251 251
252 252 252
253 253 253
254 254 254
255 255 255
256 256 256
257 257 257
258 258 258
259 259 259
260 260 260
261 261 261
262 262 262
263 263 263
264 264 264
265 265 265
266 266 266
267 267 267
268 268 268
269 269 269
270 270 270
271 271 271
272 272 272
273 273 273
274 274 274
275 275 275
276 276 276
277 277 277
278 278 278
279 279 279
280 280 280
281 281 281
282 282 282
283 283 283
284 284 284
285 285 285
286 286 286
287 287 287
288 288 288
289 289 289
290 290 290
291 291 291
292 292 292
293 293 293
294 294 294
295 295 295
296 296 296
297 297 297
298 298 298
299 299 299
300 300 300
301 301 301
302 302 302
303 303 303
304 304 304
305 305 305
306 306 306
307 307 307
308 308 308
309 309 309
310 310 310
311 311 311
312 312 312
313 313 313
314 314 314
315 315 315
316 316 316
317 317 317
318 318 318
319 319 319
320 320 320
321 321 321
322 322 322
323 323 323
324 324 324
325 325 325
326 326 326
327 327 327
328 328 328
329 329 329
330 330 330
331 331 331
332 332 332
333 333 333
334 334 334
335 335 335
336 336 336
337 337 337
338 338 338
339 339 339
340 340 340
341 341 341
342 342 342
343 343 343
344 344 344
345 345 345
346 346 346
347 347 347
348 348 348
349 349 349
350 350 350
351 351 351
352 352 352
353 353 353
354 354 354
355 355 355
356 356 356
357 357 357
358 358 358
359 359 359
360 360 360
361 361 361
362 362 362
363 363 363
364 364 364
365 365 365
366 366 366
367 367 367
368 368 368
369 369 369
370 370 370
371 371 371
372 372 372
373 373 373
374 374 374
375 375 375
376 376 376
377 377 377
378 378 378
379 379 379
380 380 380
381 381 381
382 382 382
383 383 383
384 384 384
385 385 385
386 386 386
387 387 387
388 388 388
389 389 389
390 390 390
391 391 391
392 392 392
393 393 393
394 394 394
395 395 395
396 396 396
397 397 397
398 398 398
399 399 399
400 400 400
401 401 401
402 402 402
403 403 403
404 404 404
405 405 405
406 406 406
407 407 407
408 408 408
409 409 409
410 410 410
411 411 411
412 412 412
413 413 413
414 414 414
415 415 415
416 416 416
417 417 417
418 418 418
419 419 419
420 420 420
421 421 421
422 422 422
423 423 423
424 424 424
425 425 425
426 426 426
427 427 427
428 428 428
429 429 429
430 430 430
431 431 431
432 432 432
433 433 433
434 434 434
435 435 435
436 436 436
437 437 437
438 438 438
439 439 439
440 440 440
441 441 441
442 442 442
443 443 443
444 444 444
445 445 445
446 446 446
447 447 447
448 448 448
449 449 449
450 450 450
451 451 451
452 452 452
453 453 453
454 454 454
455 455 455
456 456 456
457 457 457
458 458 458
459 459 459
460 460 460
461 461 461
462 462 462
463 463 463
464 464 464
465 465 465
466 466 466
467 467 467
468 468 468
469 469 469
470 470 470
471 471 471
472 472 472
473 473 473
474 474 474
475 475 475
476 476 476
477 477 477
478 478 478
479 479 479
480 480 480
481 481 481
482 482 482
483 483 483
484 484 484
485 485 485
486 486 486
487 487 487
488 488 488
489 489 489
490 490 490
491 491 491
492 492 492
493 493 493
494 494 494
495 495 495
496 496 496
497 497 497
498 498 498
499 499 499
500 500 500
501 501 501
502 502 502
503 503 503
504 504 504
505 505 505
506 506 506
507 507 507
508 508 508
509 509 509
510 510 510
511 511 511
512 512 512
513 513 513
514 514 514
515 515 515
516 516 516
517 517 517
518 518 518
519 519 519
520 520 520
521 521 521
522 522 522
523 523 523
524 524 524
525 525 525
526 526 526
527 527 527
528 528 528
529 529 529
530 530 530
531 531 531
532 532 532
533 533 533
534 534 534
535 535 535
536 536 536
537 537 537
538 538 538
539 539 539
540 540 540
541 541 541
542 542 542
543 543 543
544 544 544
545 545 545
546 546 546
547 547 547
548 548 548
549 549 549
550 550 550
551 551 551
552 552 552
553 553 553
554 554 554
555 555 555
556 556 556
557 557 557
558 558 558
559 559 559
560 560 560
561 561 561
562 562 562
563 563 563
564 564 564
565 565 565
566 566 566
567 567 567
568 568 568
569 569 569
570 570 570
571 571 571
572 572 572
573 573 573
574 574 574
575 575 575
576 576 576
577 577 577
578 578 578
579 579 579
580 580 580
581 581 581
582 582 582
583 583 583
584 584 584
585 585 585
586 586 586
587 587 587
588 588 588
589 589 589
590 590 590
591 591 591
592 592 592
593 593 593
594 594 594
595 595 595
596 596 596
597 597 597
598 598 598
599 599 599
600 600 600
601 601 601
602 602 602
603 603 603
604 604 604
605 605 605
606 606 606
607 607 607
608 608 608
609 609 609
610 610 610
611 611 611
612 612 612
613 613 613
614 614 614
615 615 615
616 616 616
617 617 617
618 618 618
619 619 619
620 620 620
621 621 621
622 622 622
623 623 623
624 624 624
625 625 625
626 626 626
627 627 627
628 628 628
629 629 629
630 630 630
631 631 631
632 632 632
633 633 633
634 634 634
635 635 635
636 636 636
637 637 637
638 638 638
639 639 639
640 640 640
641 641 641
642 642 642
643 643 643
644 644 644
645 645 645
646 646 646
647 647 647
648 648 648
649 649 649
650 650 650
651 651 651
652 652 652
653 653 653
654 654 654
655 655 655
656 656 656
657 657 657
658 658 658
659 659 659
660 660 660
661 661 661
662 662 662
663 663 663
664 664 664
665 665 665
666 666 666
667 667 667
668 668 668
669 669 669
670 670 670
671 671 671
672 672 672
673 673 673
674 674 674
675 675 675
676 676 676
677 677 677
678 678 678
679 679 679
680 680 680
681 681 681
682 682 682
683 683 683
684 684 684
685 685 685
686 686 686
687 687 687
688 688 688
689 689 689
690 690 690
691 691 691
692 692 692
693 693 693
694 694 694
695 695 695
696 696 696
697 697 697
698 698 698
699 699 699
700 700 700
701 701 701
702 702 702
703 703 703
704 704 704
705 705 705
706 706 706
707 707 707
708 708 708
709 709 709
710 710 710
711 711 711
712 712 712
713 713 713
714 714 714
715 715 715
716 716 716
717 717 717
718 718 718
719 719 719
720 720 720
721 721 721
722 722 722
723 723 723
724 724 724
725 725 725
726 726 726
727 727 727
728 728 728
729 729 729
730 730 730
731 731 731
732 732 732
733 733 733
734 734 734
735 735 735
736 736 736
737 737 737
738 738 738
739 739 739
740 740 740
741 741 741
742 742 742
743 743 743
744 744 744
745 745 745
746 746 746
747 747 747
748 748 748
749 749 749
750 750 750
751 751 751
752 752 752
753 753 753
754 754 754
755 755 755
756 756 756
757 757 757
758 758 758
759 759 759
760 760 760
761 761 761
762 762 762
763 763 763
764 764 764
765 765 765
766 766 766
767 767 767
768 768 768
769 769 769
770 770 770
771 771 771
772 772 772
773 773 773
774 774 774
775 775 775
776 776 776
777 777 777
778 778 778
779 779 779
780 780 780
781 781 781
782 782 782
783 783 783
784 784 784
785 785 785
786 786 786
787 787 787
788 788 788
789 789 789
790 790 790
791 791 791
792 792 792
793 793 793
794 794 794
795 795 795
796 796 796
797 797 797
798 798 798
799 799 799
800 800 800
801 801 801
802 802 802
803 803 803
804 804 804
805 805 805
806 806 806
807 807 807
808 808 808
809 809 809
810 810 810
811 811 811
812 812 812
813 813 813
814 814 814
815 815 815
816 816 816
817 817 817
818 818 818
819 819 819
820 820 820
821 821 821
822 822 822
823 823 823
824 824 824
825 825 825
826 826 826
827 827 827
828 828 828
829 829 829
830 830 830
831 831 831
832 832 832
833 833 833
834 834 834
835 835 835
836 836 836
837 837 837
838 838 838
839 839 839
840 840 840
841 841 841
842 842 842
843 843 843
844 844 844
845 845 845
846 846 846
847 847 847
848 848 848
849 849 849
850 850 850
851 851 851
852 852 852
853 853 853
854 854 854
855 855 855
856 856 856
857 857 857
858 858 858
859 859 859
860 860 860
861 861 861
862 862 862
863 863 863
864 864 864
865 865 865
866 866 866
867 867 867
868 868 868
869 869 869
870 870 870
871 871 871
872 872 872
873 873 873
874 874 874
875 875 875
876 876 876
877 877 877
878 878 878
879 879 879
880 880 880
881 881 881
882 882 882
883 883 883
884 884 884
885 885 885
886 886 886
887 887 887
888 888 888
889 889 889
890 890 890
891 891 891
892 892 892
893 893 893
894 894 894
895 895 895
896 896 896
897 897 897
898 898 898
899 899 899
900 900 900
901 901 901
902 902 902
903 903 903
904 904 904
905 905 905
906 906 906
907 907 907
908 908 908
909 909 909
910 910 910
911 911 911
912 912 912
913 913 913
914 914 914
915 915 915
916 916 916
917 917 917
918 918 918
919 919 919
920 920 920
921 921 921
922 922 922
923 923 923
924 924 924
925 925 925
926 926 926
927 927 927
928 928 928
929 929 929
930 930 930
931 931 931
932 932 932
933 933 933
934 934 934
935 935 935
936 936 936
937 937 937
938 938 938
939 939 939
940 940 940
941 941 941
942 942 942
943 943 943
944 944 944
945 945 945
946 946 946
947 947 947
948 948 948
949 949 949
950 950 950
951 951 951
952 952 952
953 953 953
954 954 954
955 955 955
956 956 956
957 957 957
958 958 958
959 959 959
960 960 960
961 961 961
962 962 962
963 963 963
964 964 964
965 965 965
966 966 966
967 967 967
968 968 968
969 969 969
970 970 970
971 971 971
972 972 972
973 973 973
974 974 974
975 975 975
976 976 976
977 977 977
978 978 978
979 979 979
980 980 980
981 981 981
982 982 982
983 983 983
984 984 984
985 985 985
986 986 986
987 987 987
988 988 988
989 989 989
990 990 990
991 991 991
992 992 992
993 993 993
994 994 994
995 995 995
996 996 996
997 997 997
998 998 998
999 999 999
1000 1000 1000
1001 1001 1001
1002 1002 1002
1003 1003 1003
1004 1004 1004
1005 1005 1005
1006 1006 1006
1007 1007 1007
1008 1008 1008
1009 1009 1009
1010 1010 1010
1011 1011 1011
1012 1012 1012
1013 1013 1013
1014 1014 1014
1015 1015 1015
1016 1016 1016
1017 1017 1017
1018 1018 1018
1019 1019 1019
1020 1020 1020
1021 1021 1021
1022 1022 1022
1023 1023 1023
1024 1024 1024
1025 1025 1025
1026 1026 1026
1027 1027 1027
1028 1028 1028
1029 1029 1029
1030 1030 1030
1031 1031 1031
1032 1032 1032
1033 1033 1033
1034 1034 1034
1035 1035 1035
1036 1036 1036
1037 1037 1037
1038 1038 1038
1039 1039 1039
1040 1040 1040
1041 1041 1041
1042 1042 1042
1043 1043 1043
1044 1044 1044
1045 1045 1045
1046 1046 1046
1047 1047 1047
1048 1048 1048
1049 1049 1049
1050 1050 1050
1051 1051 1051
1052 1052 1052
1053 1053 1053
1054 1054 1054
1055 1055 1055
1056 1056 1056
1057 1057 1057
1058 1058 1058
1059 1059 1059
1060 1060 1060
1061 1061 1061
1062 1062 1062
1063 1063 1063
1064 1064 1064
1065 1065 1065
1066 1066 1066
1067 1067 1067
1068 1068 1068
1069 1069 1069
1070 1070 1070
1071 1071 1071
1072 1072 1072
1073 1073 1073
1074 1074 1074
1075 1075 1075
1076 1076 1076
1077 1077 1077
1078 1078 1078
1079 1079 1079
1080 1080 1080
1081 1081 1081
1082 1082 1082
1083 1083 1083
1084 1084 1084
1085 1085 1085
1086 1086 1086
1087 1087 1087
1088 1088 1088
1089 1089 1089
1090 1090 1090
1091 1091 1091
1092 1092 1092
1093 1093 1093
1094 1094 1094
1095 1095 1095
1096 1096 1096
1097 1097 1097
1098 1098 1098
1099 1099 1099
1100 1100 1100
1101 1101 1101
1102 1102 1102
1103 1103 1103
1104 1104 1104
1105 1105 1105
1106 1106 1106
1107 1107 1107
1108 1108 1108
1109 1109 1109
1110 1110 1110
1111 1111 1111
1112 1112 1112
1113 1113 1113
1114 1114 1114
1115 1115 1115
1116 1116 1116
1117 1117 1117
1118 1118 1118
1119 1119 1119
1120 1120 1120
1121 1121 1121
1122 1122 1122
1123 1123 1123
1124 1124 1124
1125 1125 1125
1126 1126 1126
1127 1127 1127
1128 1128 1128
1129 1129 1129
1130 1130 1130
1131 1131 1131
1132 1132 1132
1133 1133 1133
1134 1134 1134
1135 1135 1135
1136 1136 1136
1137 1137 1137
1138 1138 1138
1139 1139 1139
1140 1140 1140
1141 1141 1141
1142 1142 1142
1143 1143 1143
1144 1144 1144
1145 1145 1145
1146 1146 1146
1147 1147 1147
1148 1148 1148
1149 1149 1149
1150 1150 1150
1151 1151 1151
1152 1152 1152
1153 1153 1153
1154 1154 1154
1155 1155 1155
1156 1156 1156
1157 1157 1157
1158 1158 1158
1159 1159 1159
1160 1160 1160
1161 1161 1161
1162 1162 1162
1163 1163 1163
1164 1164 1164
1165 1165 1165
1166 1166 1166
1167 1167 1167
1168 1168 1168
1169 1169 1169
1170 1170 1170
1171 1171 1171
1172 1172 1172
1173 1173 1173
1174 1174 1174
1175 1175 1175
1176 1176 1176
1177 1177 1177
1178 1178 1178
1179 1179 1179
1180 1180 1180
1181 1181 1181
1182 1182 1182
1183 1183 1183
1184 1184 1184
1185 1185 1185
1186 1186 1186
1187 1187 1187
1188 1188 1188
1189 1189 1189
1190 1190 1190
1191 1191 1191
1192 1192 1192
1193 1193 1193
1194 1194 1194
1195 1195 1195
1196 1196 1196
1197 1197 1197
1198 1198 1198
1199 1199 1199
1200 1200 1200
1201 1201 1201
1202 1202 1202
1203 1203 1203
1204 1204 1204
1205 1205 1205
1206 1206 1206
1207 1207 1207
1208 1208 1208
1209 1209 1209
1210 1210 1210
1211 1211 1211
1212 1212 1212
1213 1213 1213
1214 1214 1214
1215 1215 1215
1216 1216 1216
1217 1217 1217
1218 1218 1218
1219 1219 1219
1220 1220 1220
1221 1221 1221
1222 1222 1222
1223 1223 1223
1224 1224 1224
1225 1225 1225
1226 1226 1226
1227 1227 1227
1228 1228 1228
1229 1229 1229
1230 1230 1230
1231 1231 1231
1232 1232 1232
1233 1233 1233
1234 1234 1234
1235 1235 1235
1236 1236 1236
1237 1237 1237
1238 1238 1238
1239 1239 1239
1240 1240 1240
1241 1241 1241
1242 1242 1242
1243 1243 1243
1244 1244 1244
1245 1245 1245
1246 1246 1246
1247 1247 1247
1248 1248 1248
1249 1249 1249
1250 1250 1250
1251 1251 1251
1252 1252 1252
1253 1253 1253
1254 1254 1254
1255 1255 1255
1256 1256 1256
1257 1257 1257
1258 1258 1258
1259 1259 1259
1260 1260 1260
1261 1261 1261
1262 1262 1262
1263 1263 1263
1264 1264 1264
1265 1265 1265
1266 1266 1266
1267 1267 1267
1268 1268 1268
1269 1269 1269
1270 1270 1270
1271 1271 1271
1272 1272 1272
1273 1273 1273
1274 1274 1274
1275 1275 1275
1276 1276 1276
1277 1277 1277
1278 1278 1278
1279 1279 1279
1280 1280 1280
1281 1281 1281
1282 1282 1282
1283 1283 1283
1284 1284 1284
1285 1285 1285
1286 1286 1286
1287 1287 1287
1288 1288 1288
1289 1289 1289
1290 1290 1290
1291 1291 1291
1292 1292 1292
1293 1293 1293
1294 1294 1294
1295 1295 1295
1296 1296 1296
1297 1297 1297
1298 1298 1298
1299 1299 1299
1300 1300 1300
1301 1301 1301
1302 1302 1302
1303 1303 1303
1304 1304 1304
1305 1305 1305
1306 1306 1306
1307 1307 1307
1308 1308 1308
1309 1309 1309
1310 1310 1310
1311 1311 1311
1312 1312 1312
1313 1313 1313
1314 1314 1314
1315 1315 1315
1316 1316 1316
1317 1317 1317
1318 1318 1318
1319 1319 1319
1320 1320 1320
1321 1321 1321
1322 1322 1322
1323 1323 1323
1324 1324 1324
1325 1325 1325
1326 1326 1326
1327 1327 1327
1328 1328 1328
1329 1329 1329
1330 1330 1330
1331 1331 1331
1332 1332 1332
1333 1333 1333
1334 1334 1334
1335 1335 1335
1336 1336 1336
1337 1337 1337
1338 1338 1338
1339 1339 1339
1340 1340 1340
1341 1341 1341
1342 1342 1342
1343 1343 1343
1344 1344 1344
1345 1345 1345
1346 1346 1346
1347 1347 1347
1348 1348 1348
1349 1349 1349
1350 1350 1350
1351 1351 1351
1352 1352 1352
1353 1353 1353
1354 1354 1354
1355 1355 1355
1356 1356 1356
1357 1357 1357
1358 1358 1358
1359 1359 1359
1360 1360 1360
1361 1361 1361
1362 1362 1362
1363 1363 1363
1364 1364 1364
1365 1365 1365
1366 1366 1366
1367 1367 1367
1368 1368 1368
1369 1369 1369
1370 1370 1370
1371 1371 1371
1372 1372 1372
1373 1373 1373
1374 1374 1374
1375 1375 1375
1376 1376 1376
1377 1377 1377
1378 1378 1378
1379 1379 1379
1380 1380 1380
1381 1381 1381
1382 1382 1382
1383 1383 1383
1384 1384 1384
1385 1385 1385
1386 1386 1386
1387 1387 1387
1388 1388 1388
1389 1389 1389
1390 1390 1390
1391 1391 1391
1392 1392 1392
1393 1393 1393
1394 1394 1394
1395 1395 1395
1396 1396 1396
1397 1397 1397
1398 1398 1398
1399 1399 1399
1400 1400 1400
1401 1401 1401
1402 1402 1402
1403 1403 1403
1404 1404 1404
1405 1405 1405
1406 1406 1406
1407 1407 1407
1408 1408 1408
1409 1409 1409
1410 1410 1410
1411 1411 1411
1412 1412 1412
1413 1413 1413
1414 1414 1414
1415 1415 1415
1416 1416 1416
1417 1417 1417
1418 1418 1418
1419 1419 1419
1420 1420 1420
1421 1421 1421
1422 1422 1422
1423 1423 1423
1424 1424 1424
1425 1425 1425
1426 1426 1426
1427 1427 1427
1428 1428 1428
1429 1429 1429
1430 1430 1430
1431 1431 1431
1432 1432 1432
1433 1433 1433
1434 1434 1434
1435 1435 1435
1436 1436 1436
1437 1437 1437
1438 1438 1438
1439 1439 1439
1440 1440 1440
1441 1441 1441
1442 1442 1442
1443 1443 1443
1444 1444 1444
1445 1445 1445
1446 1446 1446
1447 1447 1447
1448 1448 1448
1449 1449 1449
1450 1450 1450
1451 1451 1451
1452 1452 1452
1453 1453 1453
1454 1454 1454
1455 1455 1455
1456 1456 1456
1457 1457 1457
1458 1458 1458
1459 1459 1459
1460 1460 1460
1461 1461 1461
1462 1462 1462
1463 1463 1463
1464 1464 1464
1465 1465 1465
1466 1466 1466
1467 1467 1467
1468 1468 1468
1469 1469 1469
1470 1470 1470
1471 1471 1471
1472 1472 1472
1473 1473 1473
1474 1474 1474
1475 1475 1475
1476 1476 1476
1477 1477 1477
1478 1478 1478
1479 1479 1479
1480 1480 1480
1481 1481 1481
1482 1482 1482
1483 1483 1483
1484 1484 1484
1485 1485 1485
1486 1486 1486
1487 1487 1487
1488 1488 1488
1489 1489 1489
1490 1490 1490
1491 1491 1491
1492 1492 1492
1493 1493 1493
1494 1494 1494
1495 1495 1495
1496 1496 1496
1497 1497 1497
1498 1498 1498
1499 1499 1499
1500 1500 1500
1501 1501 1501
1502 1502 1502
1503 1503 1503
1504 1504 1504
1505 1505 1505
1506 1506 1506
1507 1507 1507
1508 1508 1508
1509 1509 1509
1510 1510 1510
1511 1511 1511
1512 1512 1512
1513 1513 1513
1514 1514 1514
1515 1515 1515
1516 1516 1516
1517 1517 1517
1518 1518 1518
1519 1519 1519
1520 1520 1520
1521 1521 1521
1522 1522 1522
1523 1523 1523
1524 1524 1524
1525 1525 1525
1526 1526 1526
1527 1527 1527
1528 1528 1528
1529 1529 1529
1530 1530 1530
1531 1531 1531
1532 1532 1532
1533 1533 1533
1534 1534 1534
1535 1535 1535
1536 1536 1536
1537 1537 1537
1538 1538 1538
1539 1539 1539
1540 1540 1540
1541 1541 1541
1542 1542 1542
1543 1543 1543
1544 1544 1544
1545 1545 1545
1546 1546 1546
1547 1547 1547
1548 1548 1548
1549 1549 1549
1550 1550 1550
1551 1551 1551
1552 1552 1552
1553 1553 1553
1554 1554 1554
1555 1555 1555
1556 1556 1556
1557 1557 1557
1558 1558 1558
1559 1559 1559
1560 1560 1560
1561 1561 1561
1562 1562 1562
1563 1563 1563
1564 1564 1564
1565 1565 1565
1566 1566 1566
1567 1567 1567
1568 1568 1568
1569 1569 1569
1570 1570 1570
1571 1571 1571
1572 1572 1572
1573 1573 1573
1574 1574 1574
1575 1575 1575
1576 1576 1576
1577 1577 1577
1578 1578 1578
1579 1579 1579
1580 1580 1580
1581 1581 1581
1582 1582 1582
1583 1583 1583
1584 1584 1584
1585 1585 1585
1586 1586 1586
1587 1587 1587
1588 1588 1588
1589 1589 1589
1590 1590 1590
1591 1591 1591
1592 1592 1592
1593 1593 1593
1594 1594 1594
1595 1595 1595
1596 1596 1596
1597 1597 1597
1598 1598 1598
1599 1599 1599
1600 1600 1600
1601 1601 1601
1602 1602 1602
1603 1603 1603
1604 1604 1604
1605 1605 1605
1606 1606 1606
1607 1607 1607
1608 1608 1608
1609 1609 1609
1610 1610 1610
1611 1611 1611
1612 1612 1612
1613 1613 1613
1614 1614 1614
1615 1615 1615
1616 1616 1616
1617 1617 1617
1618 1618 1618
1619 1619 1619
1620 1620 1620
1621 1621 1621
1622 1622 1622
1623 1623 1623
1624 1624 1624
1625 1625 1625
1626 1626 1626
1627 1627 1627
1628 1628 1628
1629 1629 1629
1630 1630 1630
1631 1631 1631
1632 1632 1632
1633 1633 1633
1634 1634 1634
1635 1635 1635
1636 1636 1636
1637 1637 1637
1638 1638 1638
1639 1639 1639
1640 1640 1640
1641 1641 1641
1642 1642 1642
1643 1643 1643
1644 1644 1644
1645 1645 1645
1646 1646 1646
1647 1647 1647
1648 1648 1648
1649 1649 1649
1650 1650 1650
1651 1651 1651
1652 1652 1652
1653 1653 1653
1654 1654 1654
1655 1655 1655
1656 1656 1656
1657 1657 1657
1658 1658 1658
1659 1659 1659
1660 1660 1660
1661 1661 1661
1662 1662 1662
1663 1663 1663
1664 1664 1664
1665 1665 1665
1666 1666 1666
1667 1667 1667
1668 1668 1668
1669 1669 1669
1670 1670 1670
1671 1671 1671
1672 1672 1672
1673 1673 1673
1674 1674 1674
1675 1675 1675
1676 1676 1676
1677 1677 1677
1678 1678 1678
1679 1679 1679
1680 1680 1680
1681 1681 1681
1682 1682 1682
1683 1683 1683
1684 1684 1684
1685 1685 1685
1686 1686 1686
1687 1687 1687
1688 1688 1688
1689 1689 1689
1690 1690 1690
1691 1691 1691
1692 1692 1692
1693 1693 1693
1694 1694 1694
1695 1695 1695
1696 1696 1696
1697 1697 1697
1698 1698 1698
1699 1699 1699
1700 1700 1700
1701 1701 1701
1702 1702 1702
1703 1703 1703
1704 1704 1704
1705 1705 1705
1706 1706 1706
1707 1707 1707
1708 1708 1708
1709 1709 1709
1710 1710 1710
1711 1711 1711
1712 1712 1712
1713 1713 1713
1714 1714 1714
1715 1715 1715
1716 1716 1716
1717 1717 1717
1718 1718 1718
1719 1719 1719
1720 1720 1720
1721 1721 1721
1722 1722 1722
1723 1723 1723
1724 1724 1724
1725 1725 1725
1726 1726 1726
1727 1727 1727
1728 1728 1728
1729 1729 1729
1730 1730 1730
1731 1731 1731
1732 1732 1732
1733 1733 1733
1734 1734 1734
1735 1735 1735
1736 1736 1736
1737 1737 1737
1738 1738 1738
1739 1739 1739
1740 1740 1740
1741 1741 1741
1742 1742 1742
1743 1743 1743
1744 1744 1744
1745 1745 1745
1746 1746 1746
1747 1747 1747
1748 1748 1748
1749 1749 1749
1750 1750 1750
1751 1751 1751
1752 1752 1752
1753 1753 1753
1754 1754 1754
1755 1755 1755
1756 1756 1756
1757 1757 1757
1758 1758 1758
1759 1759 1759
1760 1760 1760
1761 1761 1761
1762 1762 1762
1763 1763 1763
1764 1764 1764
1765 1765 1765
1766 1766 1766
1767 1767 1767
1768 1768 1768
1769 1769 1769
1770 1770 1770
1771 1771 1771
1772 1772 1772
1773 1773 1773
1774 1774 1774
1775 1775 1775
1776 1776 1776
1777 1777 1777
1778 1778 1778
1779 1779 1779
1780 1780 1780
1781 1781 1781
1782 1782 1782
1783 1783 1783
1784 1784 1784
1785 1785 1785
1786 1786 1786
1787 1787 1787
1788 1788 1788
1789 1789 1789
1790 1790 1790
1791 1791 1791
1792 1792 1792
1793 1793 1793
1794 1794 1794
1795 1795 1795
1796 1796 1796
1797 1797 1797
1798 1798 1798
1799 1799 1799
1800 1800 1800
1801 1801 1801
1802 1802 1802
1803 1803 1803
1804 1804 1804
1805 1805 1805
1806 1806 1806
1807 1807 1807
1808 1808 1808
1809 1809 1809
1810 1810 1810
1811 1811 1811
1812 1812 1812
1813 1813 1813
1814 1814 1814
1815 1815 1815
1816 1816 1816
1817 1817 1817
1818 1818 1818
1819 1819 1819
1820 1820 1820
1821 1821 1821
1822 1822 1822
1823 1823 1823
1824 1824 1824
1825 1825 1825
1826 1826 1826
1827 1827 1827
1828 1828 1828
1829 1829 1829
1830 1830 1830
1831 1831 1831
1832 1832 1832
1833 1833 1833
1834 1834 1834
1835 1835 1835
1836 1836 1836
1837 1837 1837
1838 1838 1838
1839 1839 1839
1840 1840 1840
1841 1841 1841
1842 1842 1842
1843 1843 1843
1844 1844 1844
1845 1845 1845
1846 1846 1846
1847 1847 1847
1848 1848 1848
1849 1849 1849
1850 1850 1850
1851 1851 1851
1852 1852 1852
1853 1853 1853
1854 1854 1854
1855 1855 1855
1856 1856 1856
1857 1857 1857
1858 1858 1858
1859 1859 1859
1860 1860 1860
1861 1861 1861
1862 1862 1862
1863 1863 1863
1864 1864 1864
1865 1865 1865
1866 1866 1866
1867 1867 1867
1868 1868 1868
1869 1869 1869
1870 1870 1870
1871 1871 1871
1872 1872 1872
1873 1873 1873
1874 1874 1874
1875 1875 1875
1876 1876 1876
1877 1877 1877
1878 1878 1878
1879 1879 1879
1880 1880 1880
1881 1881 1881
1882 1882 1882
1883 1883 1883
1884 1884 1884
1885 1885 1885
1886 1886 1886
1887 1887 1887
1888 1888 1888
1889 1889 1889
1890 1890 1890
1891 1891 1891
1892 1892 1892
1893 1893 1893
1894 1894 1894
1895 1895 1895
1896 1896 1896
1897 1897 1897
1898 1898 1898
1899 1899 1899
1900 1900 1900
1901 1901 1901
1902 1902 1902
1903 1903 1903
1904 1904 1904
1905 1905 1905
1906 1906 1906
1907 1907 1907
1908 1908 1908
1909 1909 1909
1910 1910 1910
1911 1911 1911
1912 1912 1912
1913 1913 1913
1914 1914 1914
1915 1915 1915
1916 1916 1916
1917 1917 1917
1918 1918 1918
1919 1919 1919
1920 1920 1920
1921 1921 1921
1922 1922 1922
1923 1923 1923
1924 1924 1924
1925 1925 1925
1926 1926 1926
1927 1927 1927
1928 1928 1928
1929 1929 1929
1930 1930 1930
1931 1931 1931
1932 1932 1932
1933 1933 1933
1934 1934 1934
1935 1935 1935
1936 1936 1936
1937 1937 1937
1938 1938 1938
1939 1939 1939
1940 1940 1940
1941 1941 1941
1942 1942 1942
1943 1943 1943
1944 1944 1944
1945 1945 1945
1946 1946 1946
1947 1947 1947
1948 1948 1948
1949 1949 1949
1950 1950 1950
1951 1951 1951
1952 1952 1952
1953 1953 1953
1954 1954 1954
1955 1955 1955
1956 1956 1956
1957 1957 1957
1958 1958 1958
1959 1959 1959
1960 1960 1960
1961 1961 1961
1962 1962 1962
1963 1963 1963
1964 1964 1964
1965 1965 1965
1966 1966 1966
1967 1967 1967
1968 1968 1968
1969 1969 1969
1970 1970 1970
1971 1971 1971
1972 1972 1972
1973 1973 1973
1974 1974 1974
1975 1975 1975
1976 1976 1976
1977 1977 1977
1978 1978 1978
1979 1979 1979
1980 1980 1980
1981 1981 1981
1982 1982 1982
1983 1983 1983
1984 1984 1984
1985 1985 1985
1986 1986 1986
1987 1987 1987
1988 1988 1988
1989 1989 1989
1990 1990 1990
1991 1991 1991
1992 1992 1992
1993 1993 1993
1994 1994 1994
1995 1995 1995
1996 1996 1996
1997 1997 1997
1998 1998 1998
1999 1999 1999
2000 2000 2000
2001 2001 2001
2002 2002 2002
2003 2003 2003
2004 2004 2004
2005 2005 2005
2006 2006 2006
2007 2007 2007
2008 2008 2008
2009 2009 2009
2010 2010 2010
2011 2011 2011
2012 2012 2012
2013 2013 2013
2014 2014 2014
2015 2015 2015
2016 2016 2016
2017 2017 2017
2018 2018 2018
2019 2019 2019
2020 2020 2020
2021 2021 2021
2022 2022 2022
2023 2023 2023
2024 2024 2024
2025 2025 2025
2026 2026 2026
2027 2027 2027
2028 2028 2028
2029 2029 2029
2030 2030 2030
2031 2031 2031
2032 2032 2032
2033 2033 2033
2034 2034 2034
2035 2035 2035
2036 2036 2036
2037 2037 2037
2038 2038 2038
2039 2039 2039
2040 2040 2040
2041 2041 2041
2042 2042 2042
2043 2043 2043
2044 2044 2044
2045 2045 2045
2046 2046 2046
2047 2047 2047
2048 2048 2048
2049 2049 2049
2050 2050 2050
2051 2051 2051
2052 2052 2052
2053 2053 2053
2054 2054 2054
2055 2055 2055
2056 2056 2056
2057 2057 2057
2058 2058 2058
2059 2059 2059
2060 2060 2060
2061 2061 2061
2062 2062 2062
2063 2063 2063
2064 2064 2064
2065 2065 2065
2066 2066 2066
2067 2067 2067
2068 2068 2068
2069 2069 2069
2070 2070 2070
2071 2071 2071
2072 2072 2072
2073 2073 2073
2074 2074 2074
2075 2075 2075
2076 2076 2076
2077 2077 2077
2078 2078 2078
2079 2079 2079
2080 2080 2080
2081 2081 2081
2082 2082 2082
2083 2083 2083
2084 2084 2084
2085 2085 2085
2086 2086 2086
2087 2087 2087
2088 2088 2088
2089 2089 2089
2090 2090 2090
2091 2091 2091
2092 2092 2092
2093 2093 2093
2094 2094 2094
2095 2095 2095
2096 2096 2096
2097 2097 2097
2098 2098 2098
2099 2099 2099
2100 2100 2100
2101 2101 2101
2102 2102 2102
2103 2103 2103
2104 2104 2104
2105 2105 2105
2106 2106 2106
2107 2107 2107
2108 2108 2108
2109 2109 2109
2110 2110 2110
2111 2111 2111
2112 2112 2112
2113 2113 2113
2114 2114 2114
2115 2115 2115
2116 2116 2116
2117 2117 2117
2118 2118 2118
2119 2119 2119
2120 2120 2120
2121 2121 2121
2122 2122 2122
2123 2123 2123
2124 2124 2124
2125 2125 2125
2126 2126 2126
2127 2127 2127
2128 2128 2128
2129 2129 2129
2130 2130 2130
2131 2131 2131
2132 2132 2132
2133 2133 2133
2134 2134 2134
2135 2135 2135
2136 2136 2136
2137 2137 2137
2138 2138 2138
2139 2139 2139
2140 2140 2140
2141 2141 2141
2142 2142 2142
2143 2143 2143
2144 2144 2144
2145 2145 2145
2146 2146 2146
2147 2147 2147
2148 2148 2148
2149 2149 2149
2150 2150 2150
2151 2151 2151
2152 2152 2152
2153 2153 2153
2154 2154 2154
2155 2155 2155
2156 2156 2156
2157 2157 2157
2158 2158 2158
2159 2159 2159
2160 2160 2160
2161 2161 2161
2162 2162 2162
2163 2163 2163
2164 2164 2164
2165 2165 2165
2166 2166 2166
2167 2167 2167
2168 2168 2168
2169 2169 2169
2170 2170 2170
2171 2171 2171
2172 2172 2172
2173 2173 2173
2174 2174 2174
2175 2175 2175
2176 2176 2176
2177 2177 2177
2178 2178 2178
2179 2179 2179
2180 2180 2180
2181 2181 2181
2182 2182 2182
2183 2183 2183
2184 2184 2184
2185 2185 2185
2186 2186 2186
2187 2187 2187
2188 2188 2188
2189 2189 2189
2190 2190 2190
2191 2191 2191
2192 2192 2192
2193 2193 2193
2194 2194 2194
2195 2195 2195
2196 2196 2196
2197 2197 2197
2198 2198 2198
2199 2199 2199
2200 2200 2200
2201 2201 2201
2202 2202 2202
2203 2203 2203
2204 2204 2204
2205 2205 2205
2206 2206 2206
2207 2207 2207
2208 2208 2208
2209 2209 2209
2210 2210 2210
2211 2211 2211
2212 2212 2212
2213 2213 2213
2214 2214 2214
2215 2215 2215
2216 2216 2216
2217 2217 2217
2218 2218 2218
2219 2219 2219
2220 2220 2220
2221 2221 2221
2222 2222 2222
2223 2223 2223
2224 2224 2224
2225 2225 2225
2226 2226 2226
2227 2227 2227
2228 2228 2228
2229 2229 2229
2230 2230 2230
2231 2231 2231
2232 2232 2232
2233 2233 2233
2234 2234 2234
2235 2235 2235
2236 2236 2236
2237 2237 2237
2238 2238 2238
2239 2239 2239
2240 2240 2240
2241 2241 2241
2242 2242 2242
2243 2243 2243
2244 2244 2244
2245 2245 2245
2246 2246 2246
2247 2247 2247
2248 2248 2248
2249 2249 2249
2250 2250 2250
2251 2251 2251
2252 2252 2252
2253 2253 2253
2254 2254 2254
2255 2255 2255
2256 2256 2256
2257 2257 2257
2258 2258 2258
2259 2259 2259
2260 2260 2260
2261 2261 2261
2262 2262 2262
2263 2263 2263
2264 2264 2264
2265 2265 2265
2266 2266 2266
2267 2267 2267
2268 2268 2268
2269 2269 2269
2270 2270 2270
2271 2271 2271
2272 2272 2272
2273 2273 2273
2274 2274 2274
2275 2275 2275
2276 2276 2276
2277 2277 2277
2278 2278 2278
2279 2279 2279
2280 2280 2280
2281 2281 2281
2282 2282 2282
2283 2283 2283
2284 2284 2284
2285 2285 2285
2286 2286 2286
2287 2287 2287
2288 2288 2288
2289 2289 2289
2290 2290 2290
2291 2291 2291
2292 2292 2292
2293 2293 2293
2294 2294 2294
2295 2295 2295
2296 2296 2296
2297 2297 2297
2298 2298 2298
2299 2299 2299
2300 2300 2300
2301 2301 2301
2302 2302 2302
2303 2303 2303
2304 2304 2304
2305 2305 2305
2306 2306 2306
2307 2307 2307
2308 2308 2308
2309 2309 2309
2310 2310 2310
2311 2311 2311
2312 2312 2312
2313 2313 2313
2314 2314 2314
2315 2315 2315
2316 2316 2316
2317 2317 2317
2318 2318 2318
2319 2319 2319
2320 2320 2320
2321 2321 2321
2322 2322 2322
2323 2323 2323
2324 2324 2324
2325 2325 2325
2326 2326 2326
2327 2327 2327
2328 2328 2328
2329 2329 2329
2330 2330 2330
2331 2331 2331
2332 2332 2332
2333 2333 2333
2334 2334 2334
2335 2335 2335
2336 2336 2336
2337 2337 2337
2338 2338 2338
2339 2339 2339
2340 2340 2340
2341 2341 2341
2342 2342 2342
2343 2343 2343
2344 2344 2344
2345 2345 2345
2346 2346 2346
2347 2347 2347
2348 2348 2348
2349 2349 2349
2350 2350 2350
2351 2351 2351
2352 2352 2352
2353 2353 2353
2354 2354 2354
2355 2355 2355
2356 2356 2356
2357 2357 2357
2358 2358 2358
2359 2359 2359
2360 2360 2360
2361 2361 2361
2362 2362 2362
2363 2363 2363
2364 2364 2364
2365 2365 2365
2366 2366 2366
2367 2367 2367
2368 2368 2368
2369 2369 2369
2370 2370 2370
2371 2371 2371
2372 2372 2372
2373 2373 2373
2374 2374 2374
2375 2375 2375
2376 2376 2376
2377 2377 2377
2378 2378 2378
2379 2379 2379
2380 2380 2380
2381 2381 2381
2382 2382 2382
2383 2383 2383
2384 2384 2384
2385 2385 2385
2386 2386 2386
2387 2387 2387
2388 2388 2388
2389 2389 2389
2390 2390 2390
2391 2391 2391
2392 2392 2392
2393 2393 2393
2394 2394 2394
2395 2395 2395
2396 2396 2396
2397 2397 2397
2398 2398 2398
2399 2399 2399
2400 2400 2400
2401 2401 2401
2402 2402 2402
2403 2403 2403
2404 2404 2404
2405 2405 2405
2406 2406 2406
2407 2407 2407
2408 2408 2408
2409 2409 2409
2410 2410 2410
2411 2411 2411
2412 2412 2412
2413 2413 2413
2414 2414 2414
2415 2415 2415
2416 2416 2416
2417 2417 2417
2418 2418 2418
2419 2419 2419
2420 2420 2420
2421 2421 2421
2422 2422 2422
2423 2423 2423
2424 2424 2424
2425 2425 2425
2426 2426 2426
2427 2427 2427
2428 2428 2428
2429 2429 2429
2430 2430 2430
2431 2431 2431
2432 2432 2432
2433 2433 2433
2434 2434 2434
2435 2435 2435
2436 2436 2436
2437 2437 2437
2438 2438 2438
2439 2439 2439
2440 2440 2440
2441 2441 2441
2442 2442 2442
2443 2443 2443
2444 2444 2444
2445 2445 2445
2446 2446 2446
2447 2447 2447
2448 2448 2448
2449 2449 2449
2450 2450 2450
2451 2451 2451
2452 2452 2452
2453 2453 2453
2454 2454 2454
2455 2455 2455
2456 2456 2456
2457 2457 2457
2458 2458 2458
2459 2459 2459
2460 2460 2460
2461 2461 2461
2462 2462 2462
2463 2463 2463
2464 2464 2464
2465 2465 2465
2466 2466 2466
2467 2467 2467
2468 2468 2468
2469 2469 2469
2470 2470 2470
2471 2471 2471
2472 2472 2472
2473 2473 2473
2474 2474 2474
2475 2475 2475
2476 2476 2476
2477 2477 2477
2478 2478 2478
2479 2479 2479
2480 2480 2480
2481 2481 2481
2482 2482 2482
2483 2483 2483
2484 2484 2484
2485 2485 2485
2486 2486 2486
2487 2487 2487
2488 2488 2488
2489 2489 2489
2490 2490 2490
2491 2491 2491
2492 2492 2492
2493 2493 2493
2494 2494 2494
2495 2495 2495
2496 2496 2496
2497 2497 2497
2498 2498 2498
2499 2499 2499
2500 2500 2500
2501 2501 2501
2502 2502 2502
2503 2503 2503
2504 2504 2504
2505 2505 2505
2506 2506 2506
2507 2507 2507
2508 2508 2508
2509 2509 2509
2510 2510 2510
2511 2511 2511
2512 2512 2512
2513 2513 2513
2514 2514 2514
2515 2515 2515
2516 2516 2516
2517 2517 2517
2518 2518 2518
2519 2519 2519
2520 2520 2520
2521 2521 2521
2522 2522 2522
2523 2523 2523
2524 2524 2524
2525 2525 2525
2526 2526 2526
2527 2527 2527
2528 2528 2528
2529 2529 2529
2530 2530 2530
2531 2531 2531
2532 2532 2532
2533 2533 2533
2534 2534 2534
2535 2535 2535
2536 2536 2536
2537 2537 2537
2538 2538 2538
2539 2539 2539
2540 2540 2540
2541 2541 2541
2542 2542 2542
2543 2543 2543
2544 2544 2544
2545 2545 2545
2546 2546 2546
2547 2547 2547
2548 2548 2548
2549 2549 2549
2550 2550 2550
2551 2551 2551
2552 2552 2552
2553 2553 2553
2554 2554 2554
2555 2555 2555
2556 2556 2556
2557 2557 2557
2558 2558 2558
2559 2559 2559
2560 2560 2560
2561 2561 2561
2562 2562 2562
2563 2563 2563
2564 2564 2564
2565 2565 2565
2566 2566 2566
2567 2567 2567
2568 2568 2568
2569 2569 2569
2570 2570 2570
2571 2571 2571
2572 2572 2572
2573 2573 2573
2574 2574 2574
2575 2575 2575
2576 2576 2576
2577 2577 2577
2578 2578 2578
2579 2579 2579
2580 2580 2580
2581 2581 2581
2582 2582 2582
2583 2583 2583
2584 2584 2584
2585 2585 2585
2586 2586 2586
2587 2587 2587
2588 2588 2588
2589 2589 2589
2590 2590 2590
2591 2591 2591
2592 2592 2592
2593 2593 2593
2594 2594 2594
2595 2595 2595
2596 2596 2596
2597 2597 2597
2598 2598 2598
2599 2599 2599
2600 2600 2600
2601 2601 2601
2602 2602 2602
2603 2603 2603
2604 2604 2604
2605 2605 2605
2606 2606 2606
2607 2607 2607
2608 2608 2608
2609 2609 2609
2610 2610 2610
2611 2611 2611
2612 2612 2612
2613 2613 2613
2614 2614 2614
2615 2615 2615
2616 2616 2616
2617 2617 2617
2618 2618 2618
2619 2619 2619
2620 2620 2620
2621 2621 2621
2622 2622 2622
2623 2623 2623
2624 2624 2624
2625 2625 2625
2626 2626 2626
2627 2627 2627
2628 2628 2628
2629 2629 2629
2630 2630 2630
2631 2631 2631
2632 2632 2632
2633 2633 2633
2634 2634 2634
2635 2635 2635
2636 2636 2636
2637 2637 2637
2638 2638 2638
2639 2639 2639
2640 2640 2640
2641 2641 2641
2642 2642 2642
2643 2643 2643
2644 2644 2644
2645 2645 2645
2646 2646 2646
2647 2647 2647
2648 2648 2648
2649 2649 2649
2650 2650 2650
2651 2651 2651
2652 2652 2652
2653 2653 2653
2654 2654 2654
2655 2655 2655
2656 2656 2656
2657 2657 2657
2658 2658 2658
2659 2659 2659
2660 2660 2660
2661 2661 2661
2662 2662 2662
2663 2663 2663
2664 2664 2664
2665 2665 2665
2666 2666 2666
2667 2667 2667
2668 2668 2668
2669 2669 2669
2670 2670 2670
2671 2671 2671
2672 2672 2672
2673 2673 2673
2674 2674 2674
2675 2675 2675
2676 2676 2676
2677 2677 2677
2678 2678 2678
2679 2679 2679
2680 2680 2680
2681 2681 2681
2682 2682 2682
2683 2683 2683
2684 2684 2684
2685 2685 2685
2686 2686 2686
2687 2687 2687
2688 2688 2688
2689 2689 2689
2690 2690 2690
2691 2691 2691
2692 2692 2692
2693 2693 2693
2694 2694 2694
2695 2695 2695
2696 2696 2696
2697 2697 2697
2698 2698 2698
2699 2699 2699
2700 2700 2700
2701 2701 2701
2702 2702 2702
2703 2703 2703
2704 2704 2704
2705 2705 2705
2706 2706 2706
2707 2707 2707
2708 2708 2708
2709 2709 2709
2710 2710 2710
2711 2711 2711
2712 2712 2712
2713 2713 2713
2714 2714 2714
2715 2715 2715
2716 2716 2716
2717 2717 2717
2718 2718 2718
2719 2719 2719
2720 2720 2720
2721 2721 2721
2722 2722 2722
2723 2723 2723
2724 2724 2724
2725 2725 2725
2726 2726 2726
2727 2727 2727
2728 2728 2728
2729 2729 2729
2730 2730 2730
2731 2731 2731
2732 2732 2732
2733 2733 2733
2734 2734 2734
2735 2735 2735
2736 2736 2736
2737 2737 2737
2738 2738 2738
2739 2739 2739
2740 2740 2740
2741 2741 2741
2742 2742 2742
2743 2743 2743
2744 2744 2744
2745 2745 2745
2746 2746 2746
2747 2747 2747
2748 2748 2748
2749 2749 2749
2750 2750 2750
2751 2751 2751
2752 2752 2752
2753 2753 2753
2754 2754 2754
2755 2755 2755
2756 2756 2756
2757 2757 2757
2758 2758 2758
2759 2759 2759
2760 2760 2760
2761 2761 2761
2762 2762 2762
2763 2763 2763
2764 2764 2764
2765 2765 2765
2766 2766 2766
2767 2767 2767
2768 2768 2768
2769 2769 2769
2770 2770 2770
2771 2771 2771
2772 2772 2772
2773 2773 2773
2774 2774 2774
2775 2775 2775
2776 2776 2776
2777 2777 2777
2778 2778 2778
2779 2779 2779
2780 2780 2780
2781 2781 2781
2782 2782 2782
2783 2783 2783
2784 2784 2784
2785 2785 2785
2786 2786 2786
2787 2787 2787
2788 2788 2788
2789 2789 2789
2790 2790 2790
2791 2791 2791
2792 2792 2792
2793 2793 2793
2794 2794 2794
2795 2795 2795
2796 2796 2796
2797 2797 2797
2798 2798 2798
2799 2799 2799
2800 2800 2800
2801 2801 2801
2802 2802 2802
2803 2803 2803
2804 2804 2804
2805 2805 2805
2806 2806 2806
2807 2807 2807
2808 2808 2808
2809 2809 2809
2810 2810 2810
2811 2811 2811
2812 2812 2812
2813 2813 2813
2814 2814 2814
2815 2815 2815
2816 2816 2816
2817 2817 2817
2818 2818 2818
2819 2819 2819
2820 2820 2820
2821 2821 2821
2822 2822 2822
2823 2823 2823
2824 2824 2824
2825 2825 2825
2826 2826 2826
2827 2827 2827
2828 2828 2828
2829 2829 2829
2830 2830 2830
2831 2831 2831
2832 2832 2832
2833 2833 2833
2834 2834 2834
2835 2835 2835
2836 2836 2836
2837 2837 2837
2838 2838 2838
2839 2839 2839
2840 2840 2840
2841 2841 2841
2842 2842 2842
2843 2843 2843
2844 2844 2844
2845 2845 2845
2846 2846 2846
2847 2847 2847
2848 2848 2848
2849 2849 2849
2850 2850 2850
2851 2851 2851
2852 2852 2852
2853 2853 2853
2854 2854 2854
2855 2855 2855
2856 2856 2856
2857 2857 2857
2858 2858 2858
2859 2859 2859
2860 2860 2860
2861 2861 2861
2862 2862 2862
2863 2863 2863
2864 2864 2864
2865 2865 2865
2866 2866 2866
2867 2867 2867
2868 2868 2868
2869 2869 2869
2870 2870 2870
2871 2871 2871
2872 2872 2872
2873 2873 2873
2874 2874 2874
2875 2875 2875
2876 2876 2876
2877 2877 2877
2878 2878 2878
2879 2879 2879
2880 2880 2880
2881 2881 2881
2882 2882 2882
2883 2883 2883
2884 2884 2884
2885 2885 2885
2886 2886 2886
2887 2887 2887
2888 2888 2888
2889 2889 2889
2890 2890 2890
2891 2891 2891
2892 2892 2892
2893 2893 2893
2894 2894 2894
2895 2895 2895
2896 2896 2896
2897 2897 2897
2898 2898 2898
2899 2899 2899
2900 2900 2900
2901 2901 2901
2902 2902 2902
2903 2903 2903
2904 2904 2904
2905 2905 2905
2906 2906 2906
2907 2907 2907
2908 2908 2908
2909 2909 2909
2910 2910 2910
2911 2911 2911
2912 2912 2912
2913 2913 2913
2914 2914 2914
2915 2915 2915
2916 2916 2916
2917 2917 2917
2918 2918 2918
2919 2919 2919
2920 2920 2920
2921 2921 2921
2922 2922 2922
2923 2923 2923
2924 2924 2924
2925 2925 2925
2926 2926 2926
2927 2927 2927
2928 2928 2928
2929 2929 2929
2930 2930 2930
2931 2931 2931
2932 2932 2932
2933 2933 2933
2934 2934 2934
2935 2935 2935
2936 2936 2936
2937 2937 2937
2938 2938 2938
2939 2939 2939
2940 2940 2940
2941 2941 2941
2942 2942 2942
2943 2943 2943
2944 2944 2944
2945 2945 2945
2946 2946 2946
2947 2947 2947
2948 2948 2948
2949 2949 2949
2950 2950 2950
2951 2951 2951
2952 2952 2952
2953 2953 2953
2954 2954 2954
2955 2955 2955
2956 2956 2956
2957 2957 2957
2958 2958 2958
2959 2959 2959
2960 2960 2960
2961 2961 2961
2962 2962 2962
2963 2963 2963
2964 2964 2964
2965 2965 2965
2966 2966 2966
2967 2967 2967
2968 2968 2968
2969 2969 2969
2970 2970 2970
2971 2971 2971
2972 2972 2972
2973 2973 2973
2974 2974 2974
2975 2975 2975
2976 2976 2976
2977 2977 2977
2978 2978 2978
2979 2979 2979
2980 2980 2980
2981 2981 2981
2982 2982 2982
2983 2983 2983
2984 2984 2984
2985 2985 2985
2986 2986 2986
2987 2987 2987
2988 2988 2988
2989 2989 2989
2990 2990 2990
2991 2991 2991
2992 2992 2992
2993 2993 2993
2994 2994 2994
2995 2995 2995
2996 2996 2996
2997 2997 2997
2998 2998 2998
2999 2999 2999
0-446
1-1435
1-2175
1-748
2-846
2-2982
3-1696
4-298
5-976
6-1412
7-414
8-536
9-2451
10-2529
10-709
10-1032
11-2479
12-1780
13-1430
13-2023
13-444
14-2597
15-171
15-1144
16-2497
16-2053
16-2182
16-1868
16-2729
17-48
17-1329
17-1069
17-1636
17-2001
17-2906
17-590
18-2704
18-1315
18-1805
18-1194
18-1544
18-2904
18-1595
19-2515
19-873
20-19
20-2745
20-2815
21-919
22-2331
23-2721
24-207
24-198
25-2794
26-1949
27-1064
28-1710
29-2878
29-562
29-1532
29-2571
29-2063
29-1994
29-796
29-532
29-1784
29-2088
29-2183
30-900
30-279
30-1340
31-120
31-2953
32-1685
32-2596
33-433
33-1705
33-782
34-2042
34-735
35-2841
35-19
36-1921
36-2908
37-921
38-2633
38-1495
38-1061
39-30
40-2669
41-1400
41-14
42-2248
43-2888
43-894
43-2338
44-305
45-2350
46-1024
47-153
48-2848
48-192
48-2343
49-817
50-187
50-2156
51-1718
51-948
51-1905
51-614
52-584
53-2912
54-724
54-2929
55-923
56-2684
56-2545
56-275
57-511
57-2599
58-416
58-1350
59-1520
60-2694
60-364
61-1739
62-1749
62-1582
62-2973
63-2186
63-2636
64-1264
64-2176
64-712
65-126
65-1646
65-851
65-2545
66-1378
66-1904
66-2223
66-2310
66-2299
66-2330
66-1123
66-697
67-2052
68-570
69-312
69-377
69-900
69-2716
70-2754
71-2849
71-1649
72-1404
73-2875
74-205
75-427
75-891
76-1083
76-2518
77-2603
78-946
78-457
78-2658
79-1265
80-1744
81-253
81-1953
81-1481
81-1375
81-273
81-1064
81-989
81-2647
82-2248
82-1998
83-2671
84-2041
85-1800
85-2941
85-2662
86-606
87-117
88-2517
89-2690
90-124
90-391
91-2204
91-1527
92-1718
92-208
92-730
93-988
94-13
95-2525
95-2128
95-852
95-158
96-2733
97-1744
97-1954
98-961
98-1098
99-1764
100-135
100-1861
101-444
101-1245
101-1186
102-1908
102-1871
102-539
103-1992
103-231
104-936
104-1084
105-2815
105-2070
105-2471
105-1216
106-1843
106-1747
107-667
107-2408
107-605
108-1627
109-961
110-1882
111-2123
111-691
111-2347
111-2206
111-1609
112-323
112-40
113-1240
113-1821
113-1982
114-839
114-721
115-783
116-565
117-2849
118-2262
118-693
118-2188
118-668
119-1670
119-395
120-2113
121-2141
122-1408
123-1923
123-480
123-166
123-2846
124-2362
124-810
124-2636
124-497
124-1656
124-2112
124-275
124-2987
125-2531
125-1055
125-79
126-1224
127-2875
128-72
129-1283
130-1459
130-343
130-2480
131-1848
132-277
132-2294
132-609
132-574
132-1443
133-142
133-187
133-101
134-1655
134-136
135-221
136-1696
136-1548
137-2385
137-999
138-619
139-2245
140-2776
141-2301
142-2181
143-1405
144-1458
145-247
145-826
145-1290
145-1695
145-2566
145-905
145-1550
145-1620
145-636
145-451
146-1793
146-1560
147-738
147-1365
147-1810
147-1488
148-1664
148-2957
148-491
148-311
149-216
150-1909
150-391
150-107
150-257
151-591
151-2964
151-2610
152-1365
152-2660
153-2453
154-1000
154-1622
154-482
154-1626
155-407
155-466
156-450
157-2016
157-310
158-2164
159-2857
159-1604
160-1027
160-2633
161-366
161-831
162-1397
162-2718
163-2138
164-192
164-2338
165-1492
166-3
167-870
167-1452
168-1012
168-2653
169-283
170-1748
171-447
172-1342
173-2234
174-1171
175-1433
175-1837
175-1460
176-1931
176-229
176-2864
176-2738
176-442
176-2754
176-1663
176-1195
176-709
177-2970
178-1823
179-2817
180-1059
181-1014
182-231
183-589
184-2906
184-449
184-2293
184-2185
185-432
186-1172
186-399
186-2756
187-885
187-2000
187-2870
188-1824
189-931
190-2520
191-1502
192-1662
192-1025
192-2325
192-1762
193-2940
193-1011
193-1399
193-2535
194-1069
195-2120
195-2779
196-1937
197-1410
197-2882
198-1032
199-1503
199-2626
199-642
200-1907
200-449
201-114
201-1934
202-640
202-2379
202-459
203-2475
203-110
203-9
204-2415
205-1924
206-2409
206-653
207-795
207-346
207-1043
208-621
209-2560
210-2239
210-1877
211-2297
212-2872
212-853
212-2704
212-464
212-182
212-1307
212-2801
212-594
213-2356
213-2365
214-1895
215-1155
216-440
216-1833
217-2844
217-722
217-836
218-2351
218-1367
219-467
219-525
219-2878
219-1844
220-1608
220-1204
221-526
222-460
223-285
224-1958
224-646
225-1389
225-1896
226-1497
227-1798
228-2957
228-281
228-1185
228-634
229-2845
230-1205
231-1561
231-17
231-235
231-1268
232-1146
233-649
233-1279
233-507
234-583
234-823
235-933
235-1535
235-2535
235-2096
235-2499
236-496
237-1614
238-235
239-1559
239-91
240-2996
240-2798
240-2680
240-2497
240-1206
240-1509
241-1928
242-300
242-1100
243-2958
243-1637
244-477
245-2708
245-2431
246-928
247-2412
247-398
247-820
248-2022
248-1629
249-1393
249-2364
249-1655
250-2510
251-1336
252-2673
252-1091
253-2522
254-1844
254-640
254-1196
254-54
255-1228
255-2021
256-2226
257-1251
258-318
259-109
259-303
259-1926
260-1393
261-1230
262-27
263-539
264-2113
264-479
265-392
265-722
265-1556
265-85
266-2
266-2041
266-2520
266-1385
267-2816
268-2808
268-2419
268-2289
269-2340
269-152
269-689
270-2649
271-1928
271-426
271-2468
272-1082
273-2932
274-1686
275-1641
276-11
277-612
278-502
278-2442
279-1734
280-1170
281-1419
282-2995
282-2347
283-729
283-1932
283-2317
284-1001
284-221
285-1985
285-2926
286-2808
286-2496
286-684
286-2773
287-1466
288-2820
288-1150
289-2311
289-365
290-316
291-2603
292-1071
292-657
293-946
293-1047
293-1017
294-890
294-128
295-526
295-2687
296-198
296-2130
297-2396
297-2336
297-2928
297-1986
298-2262
298-683
298-1390
298-2587
298-2704
299-1851
299-2377
300-1048
300-1237
300-625
301-1559
302-1647
303-799
304-2560
304-559
305-1897
306-841
306-2147
307-2132
307-1021
307-1641
307-2469
308-2937
308-1229
309-172
310-2107
310-1881
311-2701
312-2267
313-745
314-743
315-1415
315-1324
316-923
316-38
316-936
316-2730
317-2613
317-1965
317-2460
318-323
319-2352
320-2146
320-681
320-348
320-1907
321-611
322-2804
322-2344
322-268
322-959
323-2910
323-82
324-621
324-1990
324-2155
325-1965
325-2732
325-1279
326-2615
327-176
327-1392
328-440
329-2983
329-1469
329-2141
330-1258
331-1069
331-1995
332-2045
333-984
334-1183
335-2726
335-2399
335-1526
336-2368
337-994
337-2028
337-600
337-2144
337-2966
338-2752
339-1426
340-2614
340-2613
341-1554
341-627
341-1122
342-1299
342-585
342-1240
342-2019
342-414
343-923
343-2272
344-754
344-763
344-2434
344-2967
345-2000
345-2185
345-1402
346-35
347-165
348-607
349-2270
350-871
351-1967
351-1384
351-1677
352-128
352-104
352-115
353-1345
353-1633
354-910
355-26
355-2122
355-2345
355-2225
355-14
355-838
355-2649
355-1417
356-2932
357-545
357-2845
357-1723
358-1516
358-556
358-378
359-2056
359-853
359-945
359-1882
360-2830
360-159
360-472
360-844
360-1001
361-2272
361-1924
362-113
363-747
363-1851
364-2271
364-874
365-810
365-1733
366-2395
367-282
367-310
368-2725
369-2779
370-2067
371-1391
371-174
371-2790
371-1777
371-2410
372-784
373-78
374-2793
375-61
376-2838
376-1279
377-109
378-742
379-222
379-221
380-2346
381-1599
381-1972
382-481
383-426
384-1340
385-808
386-149
386-2709
387-1717
387-1542
388-2630
389-339
390-342
391-2855
392-2783
392-2210
393-1935
393-317
394-595
394-2750
395-2514
395-2250
395-1102
396-1175
397-610
398-854
398-1271
398-2995
398-329
399-738
400-612
401-2076
401-2756
402-752
403-1546
403-99
403-2408
403-2835
404-1031
405-944
405-567
405-1275
406-1393
407-2762
407-708
408-394
408-1312
408-1760
408-2330
408-2234
408-2616
409-2840
410-391
410-2986
411-2418
412-1237
412-2594
412-2835
412-1029
412-2017
413-1179
414-909
415-2060
416-1843
417-713
417-373
418-1780
418-600
419-1792
420-1048
421-1040
422-2993
422-1450
423-2796
423-703
423-2850
424-1043
425-2888
426-523
426-2140
426-145
427-50
427-606
427-1369
428-421
429-1113
430-2054
430-1537
431-2149
432-2509
432-764
432-365
432-2604
432-343
432-838
432-172
433-1425
434-1748
435-383
435-2487
436-2112
437-1152
437-1656
437-1948
437-1380
437-1872
437-1922
437-2325
438-2397
438-1781
439-1957
440-2308
441-63
441-485
442-565
443-1989
443-1581
443-120
443-1758
444-2759
445-2466
445-4
446-860
447-624
448-386
449-1969
450-1177
451-733
451-804
452-402
452-1953
452-1473
453-1467
453-205
454-2187
455-2992
455-1857
456-2113
456-1019
456-2964
456-2174
457-2979
458-2092
459-1875
460-148
461-626
462-1096
463-2961
463-800
463-1865
464-217
464-1423
465-2398
465-1569
466-946
467-1658
468-2345
469-1806
469-2013
470-1705
470-986
470-1080
471-406
471-1494
471-2713
471-1597
472-2898
472-1712
472-704
473-2563
473-1090
473-1040
474-425
474-1926
475-2607
476-180
476-960
477-2927
477-1846
478-2266
478-2611
479-262
479-2849
480-1568
481-290
482-2279
483-1240
483-1796
483-950
484-387
485-603
486-2347
487-533
487-1571
487-1453
487-1938
487-1766
488-2906
488-2164
489-2840
490-18
491-2948
492-1364
493-2360
494-1608
495-890
495-1894
496-1023
497-1479
497-1500
498-467
499-2631
499-1429
500-1394
500-1655
501-2649
501-1260
502-1667
503-2442
504-1431
504-1312
504-1827
505-1708
506-836
506-984
506-710
507-19
508-334
509-414
510-2406
510-2228
510-1092
511-2209
512-1783
512-103
513-518
513-2339
513-141
514-328
514-2836
515-1633
516-2871
517-2327
518-2166
519-1976
519-1182
519-96
519-2607
519-628
519-1565
519-2560
520-593
521-2501
522-554
522-1345
522-987
523-420
523-2492
523-265
524-2352
524-2664
524-2621
524-1376
524-806
524-2038
525-1696
525-1899
526-2580
526-703
526-966
526-154
527-1664
528-1399
528-2357
529-759
530-1116
531-2861
531-342
532-765
533-1656
534-310
535-1590
536-2694
536-1839
537-169
538-2099
538-1927
539-1948
539-1046
539-848
539-2609
539-1776
540-478
540-777
541-2594
542-2823
542-1300
543-29
544-866
545-2725
546-2787
547-2077
548-1340
549-107
549-370
550-375
550-2718
551-2494
552-1534
553-1908
554-2167
555-427
556-1443
557-2260
557-458
558-420
559-1915
560-807
561-73
561-2812
561-75
561-2483
562-2049
563-2118
563-196
563-1523
564-5
564-1188
564-1827
565-2959
565-1082
565-1503
565-2562
565-2199
566-2355
567-1437
568-1384
568-227
568-2217
568-635
569-812
569-2387
570-2924
571-2041
572-1861
572-1668
572-1258
572-2420
572-289
573-2419
573-2562
574-1579
575-174
575-1539
575-1283
576-714
577-626
578-1158
578-2488
579-2724
580-26
580-2911
581-2166
581-2692
581-1720
581-1365
581-1336
581-848
581-1196
582-813
582-2527
583-2746
583-138
584-2833
584-2611
585-159
585-868
585-1124
585-611
586-656
587-2514
587-309
588-252
588-51
589-2628
590-2648
591-954
591-644
591-2001
591-1071
591-2307
592-2726
592-264
592-1381
593-953
594-1574
594-2691
595-772
596-2512
596-2183
596-2945
597-2461
597-1644
597-1491
597-177
598-1414
598-515
599-2011
599-2743
599-1554
600-1137
601-2519
602-2423
602-2364
603-1252
603-1191
604-1609
605-395
605-622
606-647
607-2745
608-2518
609-124
609-1089
609-1697
610-1225
611-1427
611-318
612-2580
613-2184
613-1641
613-2353
613-1305
614-1671
614-473
614-1830
615-587
615-2286
616-656
617-268
617-550
617-2945
618-1575
619-1303
620-1231
621-1333
621-766
621-1279
622-1865
623-195
624-1988
625-1278
626-2322
626-1848
627-774
627-1941
628-559
628-2663
629-1946
629-2441
630-697
630-399
630-2542
630-1585
631-145
632-76
633-2098
633-549
633-2
634-105
635-2760
635-665
635-205
636-2509
636-227
636-2252
637-2359
638-1771
638-1338
638-1312
639-2345
640-2388
640-526
640-1898
641-2409
642-2564
643-2852
644-454
644-1258
645-1153
645-2285
645-2057
646-1070
647-1363
648-59
649-195
649-671
650-1987
650-1605
651-414
652-383
652-13
653-2759
653-1480
654-2807
655-1985
655-250
656-182
656-1256
657-2544
657-1287
658-2303
659-347
659-2272
660-527
661-2145
661-1833
662-794
663-1118
663-2817
663-1776
664-2892
664-2244
664-118
664-1114
664-1569
664-1564
665-1561
666-1569
667-2410
667-1583
667-1419
667-27
667-1843
668-1039
668-2397
668-197
669-1845
669-1033
670-1248
670-2263
671-2167
671-1453
671-372
672-2181
672-2402
672-995
673-2954
674-1028
675-1106
675-921
675-1395
676-2034
676-1206
676-668
676-2320
676-2471
677-2140
677-2166
677-2229
678-1156
679-213
680-2391
680-1698
680-126
681-1728
681-1015
681-2757
681-2124
682-2183
682-2271
683-55
683-484
684-267
685-1166
685-447
686-1784
687-1770
688-812
688-2439
688-2440
689-776
690-2142
691-557
692-428
692-1805
693-437
693-2660
693-750
694-2137
694-832
694-726
694-239
695-1229
696-1112
696-2681
697-574
698-1898
698-2386
699-1051
700-437
701-2520
702-2227
703-2109
703-1213
703-2380
703-1043
704-1197
705-896
706-334
707-1949
708-2034
709-2473
710-524
711-2857
711-1961
711-1623
712-2705
713-2911
713-259
714-399
715-1423
716-629
717-2383
718-2046
718-907
719-1738
720-893
720-1435
721-415
721-2890
721-1546
722-1555
722-1775
722-1373
722-1636
722-1402
722-1961
723-1135
724-414
724-67
725-5
725-110
725-2923
725-1779
725-1490
725-606
726-221
727-2181
728-2949
729-951
729-1349
729-2743
729-72
730-2772
731-44
731-368
731-1773
732-1797
733-165
734-1166
735-799
736-2382
736-740
736-2018
737-1943
738-1442
739-622
739-936
739-1029
739-1754
740-759
741-354
741-2699
742-2534
743-2895
744-2009
744-1104
745-295
746-42
746-2598
746-1163
746-12
746-1961
746-656
747-1989
747-2481
748-106
749-293
750-783
751-1450
752-883
753-2389
753-1157
753-2835
753-600
754-499
755-871
755-1180
755-614
755-801
755-276
756-1185
757-136
758-609
758-2974
759-1030
760-1438
760-1282
761-1271
762-494
762-1960
762-1414
763-1047
764-1977
764-2769
765-2798
765-1475
766-2694
767-2440
768-2101
768-2696
768-2453
769-1867
769-1873
770-1137
770-908
771-2652
772-306
773-624
774-546
774-2965
775-868
775-2488
776-730
776-116
777-2543
777-1560
777-2496
778-2827
778-213
778-1961
778-1407
778-1809
778-575
778-1690
779-2752
780-82
780-1381
781-446
782-201
782-1751
783-92
783-436
783-1568
784-230
785-823
786-1536
786-476
787-2419
788-763
788-2132
789-2933
789-1237
789-1507
789-2628
790-2160
791-1171
792-2965
793-116
793-903
794-1798
794-1279
795-2178
796-2345
797-1254
798-1290
799-1289
800-967
801-2646
802-990
802-2796
802-2520
803-264
803-2010
804-2455
805-261
805-2575
806-2934
807-925
808-1759
809-1987
810-1533
811-2156
812-2240
813-2022
813-1137
813-1635
814-174
814-1936
815-2070
815-2056
815-952
816-2849
816-1287
817-266
817-2280
817-2619
817-1884
817-459
818-1660
819-1419
820-1451
821-58
821-2389
822-2480
822-2348
823-1187
823-2736
824-631
824-201
825-774
825-2831
825-2449
825-2168
825-1030
826-268
827-1404
827-108
827-2038
827-1960
828-1624
828-2513
828-2041
828-1190
829-2654
829-2790
829-1108
830-1628
830-817
830-1647
831-1115
831-1627
832-78
833-2264
834-1751
835-838
835-243
835-1699
835-1309
836-944
837-380
837-2565
837-695
838-1067
839-2568
839-1628
839-1555
840-873
840-260
841-423
841-2544
842-2548
843-1098
844-1416
844-251
845-704
845-2751
846-2290
846-1727
847-2791
847-1883
848-1127
848-117
849-2905
849-2285
850-406
851-2386
851-823
852-2086
853-2753
853-293
853-862
854-2005
854-1249
855-2232
856-2110
857-2672
858-2748
859-1037
860-1527
861-1953
861-1186
862-2688
863-1084
863-851
864-2576
864-2791
864-1569
865-510
865-1659
866-86
867-243
867-1433
867-1362
867-1916
867-143
867-2554
867-762
868-601
868-2809
869-1864
870-1822
871-2187
871-2795
872-1356
872-792
873-252
873-1317
873-191
874-621
874-1596
875-1035
875-2288
875-2877
876-2864
877-755
878-2083
879-791
879-2891
879-461
880-758
881-2793
882-155
882-2263
883-2033
883-485
883-1408
883-2557
884-2221
884-1377
884-1462
884-1263
884-1687
885-135
885-2807
886-2145
887-1914
887-1791
888-1201
888-583
888-2867
889-1511
890-2929
891-1399
891-234
892-1361
893-2789
893-1577
894-1874
895-1227
895-397
896-1626
897-216
898-1240
898-1115
898-423
898-737
898-1105
899-1480
900-2438
900-751
900-79
901-1823
901-1173
902-2880
903-926
904-2707
905-2143
905-564
906-116
907-1402
907-2399
907-2165
908-1226
908-2281
908-2585
909-2051
910-2318
910-1243
911-2785
912-656
913-1850
913-974
914-2561
914-266
914-2164
915-957
915-2539
916-1451
916-1012
917-1450
917-1156
917-2601
918-383
919-1785
919-2401
920-2995
921-1046
922-1475
923-261
923-869
924-509
925-1822
925-405
926-876
927-2675
927-2994
927-2367
928-2387
929-1190
930-2854
931-2890
931-643
932-2724
932-2378
933-1172
934-2868
935-2738
936-244
936-2853
937-1544
938-955
939-2195
940-1023
940-2427
940-173
941-175
941-1155
941-2434
942-162
943-1246
943-2679
944-1951
944-1959
944-2478
944-1474
944-2734
944-311
944-31
945-934
946-1006
947-93
948-323
948-1786
948-1129
948-108
948-2397
949-2267
950-1158
950-1202
951-2760
951-2131
951-1880
951-2054
951-667
952-2296
952-2469
952-1845
953-2778
953-2079
953-1116
953-1924
953-907
954-2008
954-1904
954-2687
955-527
956-126
957-114
958-2237
959-1905
960-1315
961-592
961-1272
962-2905
963-1159
963-818
964-854
964-2470
965-896
966-2320
967-276
967-1782
968-998
969-2928
970-326
971-1619
971-2226
971-478
971-1348
972-26
972-1000
973-1464
974-695
975-2633
975-2513
976-2593
977-990
977-1390
977-1423
978-2162
978-603
979-1184
980-2582
980-2712
980-1105
980-634
981-870
981-1428
981-1985
982-1045
983-2141
983-985
984-274
985-2689
986-1240
987-1475
988-1413
988-439
988-1295
989-1887
990-2192
991-35
992-52
992-882
992-1210
992-2971
993-682
993-730
994-1828
994-329
995-2541
995-1385
995-1943
996-62
997-630
997-355
997-2266
997-1797
997-140
997-1061
998-546
999-1278
999-2638
999-692
999-1027
999-1719
999-1392
999-606
999-489
999-2926
1000-691
1001-323
1002-871
1003-504
1003-2093
1004-127
1004-2975
1004-1327
1004-1081
1005-890
1005-1589
1006-913
1006-2299
1007-2005
1007-2504
1008-778
1009-987
1010-200
1010-1613
1010-18
1010-2049
1010-315
1011-1227
1012-2062
1012-33
1012-2876
1013-795
1014-41
1014-876
1015-1979
1016-1461
1017-2315
1018-2464
1019-2106
1020-755
1020-1037
1020-53
1020-2821
1021-1276
1021-2430
1021-1203
1022-735
1023-21
1023-2256
1024-2313
1024-192
1024-1849
1024-1197
1024-2716
1024-1804
1024-2475
1024-761
1025-388
1026-2585
1026-2174
1027-922
1028-174
1029-1769
1029-551
1030-1587
1031-274
1031-2732
1031-2939
1031-243
1031-2125
1032-138
1033-2618
1033-2206
1033-337
1034-1464
1034-2822
1035-897
1036-2006
1037-311
1038-2922
1038-2711
1038-1481
1039-307
1039-966
1040-1321
1041-1362
1042-2450
1043-1890
1044-2901
1045-1498
1046-1219
1046-2309
1046-1527
1046-2458
1047-945
1048-1697
1049-185
1050-2621
1051-516
1052-2927
1052-2289
1052-1004
1052-1874
1053-2773
1053-1203
1053-2892
1053-1430
1053-1934
1053-1288
1054-1154
1054-836
1055-235
1055-1301
1055-856
1055-2971
1055-1951
1055-230
1055-1086
1056-2432
1057-2295
1058-634
1058-1195
1058-1630
1059-455
1060-786
1060-2221
1061-356
1062-437
1062-1966
1063-4
1064-1631
1065-2955
1065-1454
1066-875
1066-2913
1066-1272
1067-1820
1068-2028
1068-2398
1068-382
1069-2774
1070-2008
1070-2767
1071-2173
1071-2364
1071-946
1072-785
1073-1626
1074-2689
1075-649
1075-274
1075-1156
1075-1995
1076-1900
1077-920
1078-1045
1078-599
1078-2392
1078-414
1079-1316
1080-1552
1080-2034
1081-2310
1082-1950
1082-2635
1082-1831
1082-2864
1083-688
1083-2427
1084-2748
1084-284
1084-584
1085-53
1085-2396
1086-460
1086-892
1086-2482
1087-2558
1087-1210
1087-223
1087-110
1088-1103
1089-870
1090-1075
1091-302
1091-2969
1091-60
1091-864
1091-946
1091-683
1091-454
1091-445
1092-514
1093-25
1094-87
1094-597
1094-1950
1095-147
1096-574
1097-1057
1098-1184
1098-2691
1099-201
1099-1080
1100-1356
1101-1056
1101-1848
1102-223
1103-298
1104-670
1104-1358
1104-1074
1105-2572
1106-2783
1106-2635
1106-1017
1107-779
1108-2504
1108-705
1109-1332
1110-1851
1111-865
1111-1447
1112-508
1112-2915
1112-2460
1112-2510
1113-233
1114-1444
1114-860
1115-329
1116-1496
1117-2022
1117-2110
1118-2849
1118-2559
1118-480
1118-1733
1118-2067
1118-1922
1119-524
1120-745
1120-835
1120-1027
1121-2735
1121-746
1121-183
1122-877
1122-1036
1122-140
1122-64
1123-1543
1124-2007
1125-858
1126-2949
1126-562
1126-2900
1127-2789
1127-2884
1127-1345
1128-1594
1128-1983
1128-1240
1129-2413
1130-1551
1131-519
1132-224
1132-2804
1133-1074
1133-2986
1133-947
1133-2241
1134-1381
1134-2659
1135-1079
1136-582
1136-2126
1136-1618
1137-750
1138-2192
1138-2193
1139-2970
1140-403
1140-2902
1140-1067
1141-2254
1141-1118
1141-1560
1141-1055
1142-450
1142-44
1143-1474
1144-2577
1145-2091
1145-2347
1145-1972
1146-1570
1147-299
1148-1899
1149-1699
1149-1679
1150-2193
1150-324
1151-2905
1152-810
1153-266
1154-514
1154-772
1155-210
1155-2621
1155-1292
1156-1341
1156-2179
1156-763
1157-1937
1157-1506
1157-2186
1157-284
1157-2329
1157-681
1157-491
1157-1010
1157-1228
1157-2376
1158-744
1159-2763
1159-1008
1159-2692
1160-2418
1160-1714
1161-849
1162-1435
1163-2123
1163-2463
1163-1895
1164-1011
1164-669
1165-909
1165-1290
1165-2754
1166-336
1167-1933
1168-172
1169-773
1169-2192
1169-681
1170-353
1170-456
1171-2768
1171-212
1171-141
1172-466
1172-2124
1173-816
1174-2200
1175-152
1175-1456
1175-292
1175-2145
1175-2484
1176-2250
1177-1082
1177-580
1178-1505
1178-2730
1179-1690
1179-2677
1179-2083
1180-371
1181-1187
1181-2652
1182-2565
1182-2162
1183-2810
1183-2829
1183-2731
1183-2932
1184-2460
1184-1637
1185-859
1185-1806
1185-2697
1185-1519
1185-2626
1186-695
1186-312
1186-996
1187-113
1188-2547
1189-927
1190-336
1191-831
1192-2988
1192-1229
1192-991
1193-1520
1194-1070
1195-1448
1195-2677
1195-2264
1195-777
1195-2469
1196-2769
1197-955
1198-144
1198-2456
1199-270
1200-753
1201-135
1202-1648
1202-752
1202-1290
1202-1701
1202-577
1202-1725
1202-2370
1203-2949
1203-2535
1204-824
1204-1950
1204-617
1205-2594
1206-1125
1206-269
1206-2416
1207-2271
1208-1197
1208-2663
1209-1960
1209-2033
1210-1382
1210-1250
1210-2577
1211-1286
1211-457
1211-1613
1212-1290
1212-630
1212-2216
1213-955
1214-1413
1215-1745
1216-1599
1216-1772
1217-445
1218-461
1218-467
1219-1133
1219-357
1220-602
1221-2145
1221-2174
1221-618
1221-943
1222-2701
1222-2792
1223-1799
1223-2097
1223-1694
1224-570
1224-777
1225-190
1226-819
1227-1130
1228-2981
1228-2524
1229-1538
1230-2342
1231-1165
1232-1021
1233-1417
1234-679
1234-2576
1234-2567
1235-1739
1236-2080
1236-1036
1237-2276
1237-1512
1237-101
1237-2005
1237-887
1238-65
1239-1435
1240-1310
1240-935
1240-1091
1240-1569
1240-1684
1241-2466
1241-2813
1242-2862
1243-255
1243-795
1243-1477
1244-2756
1244-2397
1244-6
1245-358
1245-1000
1245-2334
1246-673
1247-2233
1248-531
1248-2503
1248-1472
1249-773
1249-2651
1249-1387
1250-860
1251-119
1251-2186
1252-1186
1252-2316
1252-2809
1252-1756
1252-572
1253-2082
1253-1153
1253-2570
1254-934
1254-2367
1254-853
1255-699
1255-2245
1256-1129
1256-2165
1257-2300
1257-1391
1257-43
1258-2231
1259-2722
1260-221
1261-2186
1262-2079
1263-2777
1264-1681
1264-2674
1264-2548
1264-2573
1264-2970
1264-1928
1265-514
1265-2544
1266-1998
1266-553
1267-2033
1267-290
1268-777
1268-41
1268-611
1268-1859
1269-2080
1270-2348
1271-971
1271-1539
1271-2175
1272-2350
1273-1733
1273-911
1273-169
1274-2596
1275-1125
1275-2603
1275-576
1275-1818
1275-1760
1276-350
1276-980
1276-2853
1276-1583
1277-2875
1278-520
1279-2466
1280-2590
1280-2353
1281-421
1281-1926
1282-691
1283-36
1284-1266
1285-1355
1286-2188
1287-1912
1288-137
1288-2491
1289-134
1290-764
1291-1104
1292-1794
1293-1509
1294-2485
1295-2302
1296-1756
1296-670
1296-1834
1297-708
1298-169
1299-1824
1299-952
1300-2377
1301-156
1301-2556
1302-1746
1302-2354
1303-2991
1303-1032
1303-1037
1303-1765
1303-2218
1304-2487
1305-254
1306-961
1306-2309
1306-2819
1307-84
1307-2482
1307-467
1307-102
1308-209
1308-721
1308-1126
1308-2872
1308-2467
1308-1366
1308-513
1309-50
1310-2406
1311-1646
1312-1130
1312-71
1312-2076
1312-2139
1313-917
1313-2685
1313-2805
1313-1171
1314-1598
1315-293
1316-2177
1316-1076
1316-2103
1317-1794
1317-343
1318-2907
1319-618
1319-875
1319-2304
1319-2762
1319-1829
1320-1582
1321-2095
1322-2263
1322-2367
1322-794
1323-973
1324-1239
1325-831
1325-2977
1325-2366
1325-362
1325-180
1325-380
1326-371
1327-1534
1328-165
1329-478
1330-410
1330-411
1331-2243
1332-1795
1332-1554
1332-2557
1333-1059
1334-2796
1335-1261
1336-726
1337-232
1337-2822
1337-1840
1338-2621
1338-1281
1339-2411
1339-809
1339-2539
1339-580
1339-200
1340-1739
1340-2877
1341-1301
1342-1708
1342-2567
1343-137
1343-865
1344-2018
1345-1873
1346-2230
1347-841
1347-913
1347-1366
1347-2125
1347-393
1347-1352
1348-1073
1349-620
1349-2160
1350-1828
1351-1283
1352-1783
1353-850
1354-971
1355-1684
1355-1440
1355-2135
1356-1939
1357-1356
1357-2041
1357-2578
1358-2559
1359-2021
1360-2987
1361-2231
1362-365
1363-856
1364-2805
1365-1130
1366-2084
1366-369
1366-1064
1366-568
1366-2652
1366-2986
1366-85
1367-1981
1368-1720
1368-803
1369-1480
1369-1922
1369-914
1369-2522
1369-2496
1369-2960
1370-1411
1371-387
1372-2718
1373-2080
1374-1387
1374-1045
1374-2721
1374-1184
1375-1717
1375-2887
1375-2660
1375-2716
1375-225
1376-284
1376-1144
1377-674
1377-477
1378-452
1378-2368
1379-2254
1380-981
1381-1037
1382-2710
1382-668
1382-2772
1382-2453
1383-2219
1384-2749
1385-1071
1386-2376
1387-2620
1387-2620
1388-2664
1389-2373
1389-2688
1389-2867
1389-2190
1389-1916
1390-1091
1391-2927
1391-1410
1392-1023
1392-2521
1393-2920
1393-1079
1394-1611
1395-387
1396-1301
1396-2616
1396-134
1396-1534
1397-2842
1397-114
1398-194
1398-2293
1399-406
1400-2354
1400-1831
1400-2072
1401-1754
1402-1468
1402-2751
1402-970
1403-2313
1404-300
1404-2153
1405-296
1405-1576
1406-823
1406-2390
1407-332
1407-11
1408-1130
1409-195
1410-529
1411-1039
1411-603
1411-790
1412-1889
1413-1237
1414-2047
1414-517
1414-1412
1415-2536
1416-308
1417-1896
1417-1796
1417-805
1418-2715
1419-1474
1419-648
1419-2802
1420-2649
1420-1543
1421-1046
1422-1085
1422-2888
1423-734
1424-761
1425-1298
1426-671
1426-1611
1426-1161
1426-622
1426-1085
1426-2225
1426-2338
1427-880
1428-2844
1428-2961
1429-2417
1429-2412
1429-2965
1429-2034
1430-1607
1431-308
1432-1960
1433-1019
1434-1559
1434-2524
1434-1855
1435-1757
1435-73
1435-2964
1436-2590
1437-2958
1438-1802
1438-2292
1438-1529
1438-2231
1438-385
1438-1700
1438-2797
1438-818
1438-1806
1439-1845
1439-2374
1439-1499
1439-1197
1440-134
1440-1993
1440-2590
1441-572
1441-570
1441-958
1442-1125
1442-537
1443-806
1444-2252
1445-716
1445-558
1445-2085
1446-2689
1446-2296
1447-1068
1447-1676
1447-2272
1447-2369
1447-780
1447-859
1447-778
1448-2397
1449-739
1450-500
1451-1448
1451-861
1451-878
1452-2457
1453-1251
1454-1987
1455-646
1456-1171
1457-1998
1457-2632
1458-2079
1458-174
1459-2510
1460-2846
1460-1688
1460-2268
1460-1109
1460-1675
1460-1141
1460-2639
1460-363
1460-2376
1461-1078
1461-655
1462-653
1463-2876
1463-1736
1463-588
1463-865
1464-1343
1465-608
1466-169
1467-185
1468-1739
1468-1722
1468-263
1468-793
1469-2335
1470-2479
1471-1545
1471-1162
1471-1584
1471-1329
1472-2066
1473-1738
1473-2159
1473-961
1473-1137
1474-1232
1475-1694
1476-634
1476-2399
1477-120
1478-2675
1479-1418
1479-2453
1479-834
1479-1019
1479-373
1480-259
1481-2114
1481-1348
1481-1549
1482-2795
1482-605
1482-359
1482-2291
1483-1569
1484-6
1484-2020
1484-26
1485-1464
1485-2249
1485-1320
1486-51
1487-784
1487-2495
1488-416
1489-2617
1489-1492
1490-1034
1491-442
1492-1714
1492-1795
1492-1878
1492-686
1492-2110
1492-1736
1493-1410
1494-76
1494-2861
1495-2580
1495-1114
1496-1605
1497-172
1498-1982
1499-2747
1500-218
1500-1460
1500-581
1500-1233
1500-1054
1500-1871
1500-330
1501-1462
1502-2388
1502-208
1503-658
1504-2736
1505-2456
1506-384
1507-203
1507-1667
1508-1409
1508-972
1508-502
1509-616
1510-717
1510-1983
1510-2675
1510-2645
1511-1997
1511-1069
1511-548
1512-99
1512-708
1513-1917
1513-2873
1514-646
1514-2867
1515-2355
1515-1734
1516-380
1517-1113
1518-2242
1519-461
1519-2983
1520-2388
1520-1937
1520-2202
1520-660
1521-1642
1521-621
1521-528
1522-996
1523-351
1524-1837
1524-2315
1524-1798
1525-2075
1526-1584
1527-173
1527-2308
1527-757
1528-1126
1529-372
1530-1796
1531-2489
1531-1886
1531-243
1532-2452
1533-1294
1534-1671
1535-1906
1536-2850
1536-2867
1537-589
1538-905
1539-2806
1540-1804
1540-1559
1541-1753
1542-1965
1543-2466
1543-2299
1543-329
1544-519
1545-394
1545-1675
1545-169
1546-693
1547-1984
1547-1610
1548-138
1549-360
1550-1460
1551-106
1551-1093
1552-1965
1552-1129
1552-1490
1553-1827
1554-2222
1555-42
1555-2341
1556-2792
1556-2885
1557-331
1558-2967
1559-799
1560-422
1560-1127
1560-1139
1560-598
1560-771
1560-897
1560-1809
1560-1282
1560-2454
1561-2941
1561-511
1561-216
1561-1077
1561-2886
1561-383
1562-2083
1563-2373
1564-769
1565-954
1566-247
1566-542
1566-1168
1566-2186
1567-1072
1567-569
1567-2688
1567-1357
1567-381
1567-1962
1568-1372
1568-995
1569-2794
1569-1481
1569-360
1570-450
1571-949
1571-2475
1572-1310
1573-2372
1574-1245
1575-1700
1575-2109
1576-878
1576-2130
1576-2907
1577-1684
1578-905
1578-1601
1579-2661
1580-2311
1580-2282
1580-2416
1581-1850
1582-1892
1582-59
1583-2646
1583-691
1584-320
1585-1959
1585-1130
1585-2055
1586-1133
1586-1549
1587-980
1588-711
1589-2789
1590-1244
1591-1231
1591-87
1591-1945
1592-2714
1592-1580
1592-2537
1593-2729
1593-2367
1594-1666
1595-1758
1596-2246
1596-2630
1596-305
1597-1589
1598-607
1598-1325
1599-2574
1600-439
1600-701
1600-1913
1600-43
1601-537
1601-1542
1601-145
1602-1960
1602-5
1602-223
1603-1930
1603-2626
1604-862
1605-2801
1606-975
1607-560
1608-2240
1608-254
1608-2237
1608-1488
1608-1377
1608-2737
1608-2243
1609-2568
1609-646
1610-1735
1610-2800
1610-447
1610-1773
1610-2468
1611-291
1611-444
1611-2819
1612-2632
1612-2473
1613-713
1613-2871
1614-130
1615-616
1616-1850
1616-213
1616-256
1616-2248
1616-2598
1616-2793
1617-1028
1618-2974
1618-979
1619-325
1620-2513
1620-693
1621-659
1622-2890
1623-2967
1624-468
1624-1274
1625-1820
1626-2334
1627-1529
1627-1395
1627-2352
1628-1649
1628-2220
1629-534
1629-6
1630-1538
1631-450
1632-23
1632-1024
1632-2917
1632-1768
1633-1859
1633-2000
1633-1321
1634-1719
1634-1279
1634-1331
1635-1136
1635-2770
1636-1389
1636-829
1637-213
1638-1649
1639-2913
1640-36
1641-1710
1641-821
1641-914
1642-1046
1643-611
1643-2111
1644-195
1645-1564
1645-1676
1646-2446
1646-2059
1646-1034
1646-2796
1647-375
1647-1907
1647-409
1648-154
1649-2275
1650-421
1650-2927
1650-848
1651-493
1651-2802
1652-2816
1653-2549
1653-2297
1654-2334
1654-880
1654-2554
1655-2555
1655-471
1656-896
1657-2487
1657-2145
1658-309
1659-1038
1659-2721
1659-766
1659-776
1660-1299
1660-2077
1661-33
1662-482
1663-1889
1664-15
1664-2268
1665-421
1665-1082
1665-2055
1665-1677
1665-974
1665-724
1666-2200
1666-2630
1666-1662
1666-1612
1667-491
1667-228
1667-1932
1667-98
1667-2892
1668-648
1669-2304
1670-170
1671-364
1671-801
1671-2415
1671-84
1671-1557
1672-833
1672-780
1673-2870
1674-494
1675-1116
1676-363
1676-2000
1676-567
1676-475
1677-1471
1678-1068
1678-1086
1679-1037
1680-2594
1681-1590
1681-214
1682-480
1682-2380
1682-2568
1683-2586
1684-110
1684-1567
1685-901
1686-1766
1687-1251
1688-2653
1689-970
1690-2291
1691-2914
1691-1798
1691-28
1692-2709
1693-1857
1693-891
1694-1980
1694-1527
1695-2134
1696-2823
1696-1107
1697-2511
1697-456
1698-339
1698-2842
1698-147
1698-2048
1699-1447
1699-2847
1699-1260
1700-2181
1701-2509
1701-1185
1702-2511
1702-2512
1702-2644
1703-1342
1704-219
1704-1147
1704-1188
1705-738
1706-2190
1706-812
1706-1874
1706-2242
1706-806
1706-2286
1706-2893
1706-2066
1706-1408
1707-299
1708-2639
1709-1666
1710-847
1710-2144
1710-2236
1711-1575
1712-2818
1712-1830
1712-1513
1712-933
1712-470
1712-2790
1713-319
1713-2273
1713-2564
1713-244
1713-1109
1713-1539
1713-2395
1714-822
1715-2986
1716-643
1717-2285
1717-933
1718-2106
1719-1217
1719-685
1719-2721
1720-1831
1721-59
1721-505
1722-605
1723-2294
1723-2636
1723-2859
1723-354
1724-1848
1724-1387
1724-1272
1725-2473
1726-2917
1726-2383
1727-2050
1727-2140
1727-2355
1728-2685
1728-806
1728-499
1729-438
1730-2622
1731-2515
1732-2757
1732-330
1732-2118
1732-1676
1732-2996
1733-2582
1734-2324
1734-1348
1734-2067
1734-1224
1735-1647
1736-2503
1737-2222
1738-1967
1738-742
1738-2055
1738-2645
1739-1158
1739-403
1740-1968
1741-318
1742-2016
1743-883
1744-2883
1744-2762
1745-1148
1745-61
1745-734
1745-243
1745-1956
1746-352
1746-2279
1747-1452
1747-2864
1748-2781
1749-1630
1750-1536
1750-2620
1750-2751
1750-538
1750-1470
1750-691
1750-768
1751-2467
1751-1758
1752-632
1752-1787
1753-2823
1753-2024
1754-2676
1754-726
1755-433
1755-2546
1756-2846
1757-803
1758-699
1758-1795
1758-997
1758-1677
1758-2845
1759-1072
1760-2065
1761-2942
1761-106
1761-925
1762-2912
1763-1083
1763-199
1763-209
1763-798
1763-2615
1764-15
1764-313
1764-2754
1765-775
1766-2606
1766-2730
1766-2174
1766-2083
1767-84
1768-2319
1769-1697
1769-289
1770-2491
1771-122
1771-2893
1771-2689
1772-487
1772-175
1773-994
1773-668
1774-1407
1775-430
1776-1439
1777-1189
1777-2035
1777-1560
1778-2289
1778-221
1778-1290
1779-2860
1779-2292
1779-2499
1780-2540
1781-507
1781-197
1781-338
1782-1936
1783-731
1783-2114
1784-1839
1784-24
1784-350
1784-1481
1784-713
1784-289
1784-2021
1785-2082
1786-2843
1787-323
1787-1560
1787-988
1788-749
1788-1582
1789-2415
1790-1725
1790-1138
1791-1526
1792-2469
1792-1930
1793-1520
1794-2472
1795-1962
1795-630
1795-265
1795-1405
1795-567
1795-500
1795-1531
1795-902
1795-2738
1796-811
1797-1025
1798-2082
1799-129
1799-1794
1799-835
1800-1608
1801-1875
1801-1463
1802-2134
1802-1084
1802-2403
1802-2284
1803-1185
1804-2653
1804-2619
1805-1110
1805-2878
1805-1500
1806-1343
1807-1272
1808-2320
1809-2622
1809-88
1809-1332
1810-50
1810-2893
1810-1880
1811-897
1811-278
1812-2733
1813-1359
1813-527
1814-1398
1814-246
1814-317
1814-1326
1815-2729
1816-2561
1817-509
1817-757
1818-266
1819-1502
1820-269
1820-2563
1820-766
1821-598
1822-1214
1822-2571
1822-378
1822-2946
1823-379
1824-767
1824-797
1825-2666
1825-2729
1826-364
1826-597
1827-2059
1828-2903
1828-2351
1828-108
1829-1323
1830-1991
1831-2425
1831-2569
1831-2238
1831-1861
1831-1968
1832-2097
1833-1528
1834-2243
1834-1998
1835-2287
1835-2500
1836-2460
1837-1169
1837-2615
1837-2359
1838-1338
1838-70
1838-991
1838-2045
1839-1729
1840-2848
1841-165
1842-2316
1842-879
1842-2561
1843-319
1843-1370
1844-2621
1845-37
1846-2847
1847-1182
1847-953
1848-1325
1848-1593
1849-1632
1850-1993
1850-1581
1851-2445
1851-2007
1851-1152
1851-2951
1852-1054
1853-213
1854-1644
1854-2533
1854-1151
1855-1320
1856-221
1857-1407
1858-763
1859-1092
1860-261
1861-2217
1862-2072
1863-608
1863-1289
1863-2110
1863-451
1863-39
1864-1932
1864-776
1864-990
1864-1531
1865-1357
1865-1089
1866-488
1867-1931
1868-2938
1868-807
1868-1878
1869-2940
1870-1586
1871-2625
1872-1437
1872-2370
1873-226
1874-1916
1875-747
1876-1547
1877-2497
1877-2448
1878-1313
1879-2449
1880-15
1880-782
1881-1113
1882-2121
1882-2305
1882-1355
1882-2824
1882-2230
1882-1201
1883-781
1883-502
1883-2350
1884-1256
1885-894
1885-1814
1886-1431
1886-2525
1887-488
1888-423
1889-1609
1889-528
1890-915
1890-1843
1890-2121
1890-2147
1891-2211
1892-1962
1893-2080
1893-2968
1893-63
1894-2603
1895-983
1896-2608
1896-2702
1896-996
1897-2313
1898-1119
1899-826
1899-473
1900-33
1901-908
1901-616
1902-1808
1902-38
1903-1610
1904-1396
1904-990
1904-2275
1904-2603
1904-232
1904-1317
1905-2694
1906-696
1907-682
1907-1684
1907-1321
1907-2913
1908-160
1908-424
1908-2298
1909-1669
1909-2572
1909-1165
1909-1919
1910-29
1911-2413
1912-2427
1912-2555
1912-2945
1913-2846
1913-511
1914-656
1915-1942
1916-1487
1917-1559
1917-772
1918-1101
1919-946
1920-2088
1920-717
1920-1436
1921-1660
1921-2553
1922-2573
1923-272
1924-96
1925-180
1926-2692
1926-949
1926-2305
1927-2248
1927-1915
1927-836
1927-2178
1928-1663
1929-2556
1930-1871
1930-2284
1930-2362
1931-1099
1931-1629
1932-19
1932-991
1932-179
1932-1139
1933-432
1933-1763
1934-1029
1934-1976
1935-332
1936-1320
1937-1228
1937-890
1938-1379
1938-1340
1938-2654
1939-762
1939-1061
1940-118
1940-1927
1941-2459
1942-590
1942-2122
1943-2459
1944-1015
1944-1675
1944-662
1944-539
1944-398
1945-2668
1946-2517
1946-476
1947-1809
1947-2511
1947-1750
1948-2882
1948-1717
1949-379
1949-696
1949-2520
1949-2637
1949-782
1950-743
1950-2994
1950-1453
1951-1375
1951-657
1952-2485
1953-2348
1954-1834
1954-733
1955-1420
1955-23
1955-1031
1955-936
1956-2671
1956-1371
1957-1273
1958-994
1959-635
1959-2387
1960-1119
1960-719
1960-814
1960-791
1961-1657
1961-588
1961-2631
1962-351
1962-857
1962-1047
1962-2020
1962-1219
1962-679
1962-270
1962-2605
1962-2605
1962-2003
1962-277
1962-1762
1963-913
1964-2818
1964-2561
1965-1485
1966-2042
1967-2486
1967-624
1968-2119
1969-2413
1969-403
1970-267
1970-20
1970-568
1970-200
1971-2922
1972-590
1973-2129
1974-345
1975-2375
1976-1053
1977-2400
1977-1863
1978-954
1979-1871
1980-1647
1981-1187
1982-2892
1983-1682
1983-1521
1983-1004
1984-2856
1984-2420
1985-2011
1986-2807
1986-980
1987-2649
1987-1535
1987-1922
1987-1862
1988-766
1989-238
1990-1403
1990-2897
1991-2110
1992-338
1992-1397
1993-2775
1993-1262
1993-2781
1994-1089
1995-2656
1995-972
1995-2690
1996-1835
1997-772
1997-2811
1997-860
1997-506
1997-2321
1998-2390
1998-926
1999-819
1999-2001
1999-2162
2000-1621
2001-830
2001-584
2001-2521
2002-2993
2002-1300
2003-121
2004-1893
2004-298
2005-2980
2005-2481
2005-731
2005-2341
2005-348
2005-1806
2005-2224
2005-606
2005-2688
2006-2343
2006-2504
2007-2985
2008-1871
2009-2954
2009-745
2009-2508
2010-1534
2011-2408
2012-2436
2013-149
2013-2299
2014-468
2015-2396
2016-505
2017-2446
2018-2070
2018-2637
2018-2787
2019-2927
2020-328
2020-1772
2021-1450
2021-2700
2022-895
2022-1073
2023-1728
2024-1321
2024-1706
2025-1115
2026-352
2027-1334
2027-1991
2028-1940
2028-319
2028-1318
2028-1899
2029-2305
2030-996
2031-257
2032-2479
2032-426
2033-1930
2034-619
2034-2890
2035-1685
2036-2898
2036-2574
2036-1699
2036-7
2037-1997
2038-962
2039-1592
2039-1915
2040-1172
2040-1565
2041-141
2041-93
2041-679
2042-771
2042-2183
2043-1880
2044-2108
2045-1229
2046-1693
2046-1521
2046-1881
2046-2178
2047-894
2047-1360
2047-299
2047-2736
2048-1381
2049-1412
2050-1729
2050-669
2051-2820
2051-2814
2052-2554
2052-364
2052-1277
2053-1069
2053-2892
2054-255
2055-162
2056-1139
2057-814
2057-365
2057-2294
2058-2602
2058-7
2058-1343
2058-2092
2058-490
2059-2478
2060-2858
2061-1969
2061-2791
2061-238
2061-2268
2061-1385
2061-894
2061-285
2061-2747
2061-2006
2061-1992
2061-437
2061-454
2061-430
2061-224
2061-2246
2062-945
2063-270
2064-2569
2065-2233
2066-1072
2066-2978
2067-8
2067-2015
2067-1697
2068-69
2068-1575
2068-2627
2069-2015
2070-2691
2070-892
2071-1084
2072-759
2073-2306
2073-1094
2074-1130
2074-1664
2074-2521
2075-2717
2076-2900
2077-191
2078-2088
2078-2176
2079-1610
2079-1870
2080-754
2080-1067
2081-2134
2081-2067
2082-2370
2082-1628
2083-968
2083-2479
2084-2125
2084-1507
2085-1323
2085-1777
2085-996
2085-1161
2086-112
2086-1262
2086-2606
2086-942
2086-2671
2087-784
2088-2263
2089-1403
2090-270
2090-2763
2090-491
2090-759
2091-2469
2092-896
2093-318
2093-796
2094-361
2095-1372
2095-1131
2095-2423
2095-2435
2096-1263
2096-1943
2097-721
2098-2885
2099-1218
2100-332
2100-713
2101-382
2102-1475
2102-1125
2103-2726
2104-2237
2104-2087
2104-1724
2104-2957
2104-865
2105-694
2106-1364
2106-1371
2106-1669
2106-2438
2106-2641
2107-2550
2108-1551
2109-114
2110-1067
2111-2173
2112-1448
2112-2033
2113-1782
2113-1297
2113-2119
2114-985
2115-895
2115-2896
2116-1550
2116-467
2116-2659
2117-409
2118-420
2118-2222
2118-2449
2119-2811
2119-506
2120-73
2121-2915
2121-2575
2121-2313
2122-2030
2123-1020
2123-1345
2123-1621
2124-1307
2124-120
2124-677
2124-712
2124-2128
2124-2064
2125-107
2126-76
2126-2969
2126-703
2126-2074
2127-1121
2127-2359
2127-496
2128-713
2129-2663
2129-1861
2129-1089
2130-1258
2131-2775
2132-1485
2133-428
2134-172
2134-875
2135-838
2136-2310
2137-2668
2138-1552
2139-1130
2140-652
2140-2906
2140-2517
2140-1545
2140-2187
2140-438
2140-73
2141-2434
2142-702
2142-2195
2142-2982
2142-2911
2142-881
2143-2726
2144-335
2144-1452
2144-2756
2145-2928
2146-1113
2146-2836
2147-165
2147-2509
2147-2171
2148-1766
2148-909
2149-508
2150-2902
2150-653
2151-1874
2151-1586
2151-327
2151-780
2152-2895
2152-1046
2153-1079
2154-646
2155-2359
2155-654
2155-564
2155-1579
2156-2978
2156-1201
2156-451
2156-2694
2156-1911
2156-1581
2157-1709
2157-1692
2158-1406
2158-767
2159-269
2159-2754
2159-645
2159-1990
2160-1831
2161-843
2162-2142
2162-252
2162-97
2163-2999
2164-1307
2164-1298
2165-1027
2165-1395
2166-2568
2167-1315
2167-358
2168-427
2169-943
2169-2207
2169-2541
2170-1534
2171-506
2172-444
2172-2659
2173-2564
2174-815
2175-2913
2176-1870
2177-2408
2177-2346
2178-1245
2179-1058
2180-1229
2181-165
2182-1249
2182-2200
2182-582
2182-1461
2183-474
2184-1159
2185-1019
2185-2543
2185-636
2186-1356
2187-2363
2188-2448
2188-1264
2189-2762
2190-106
2190-293
2190-2825
2190-1401
2191-1596
2191-1989
2191-902
2191-1843
2191-585
2191-694
2192-2724
2193-388
2194-1947
2194-1406
2195-2970
2196-1731
2197-937
2197-1489
2197-2251
2198-438
2199-1894
2200-2158
2201-956
2202-90
2203-2117
2203-2982
2203-1482
2204-2718
2204-1569
2205-1898
2206-1
2206-1448
2206-2924
2207-2693
2207-2988
2207-933
2208-137
2209-1849
2210-877
2211-847
2212-1039
2212-1172
2213-2032
2213-2640
2214-563
2215-520
2216-2273
2217-2908
2217-2544
2217-531
2217-2192
2218-2202
2218-1238
2219-76
2219-961
2220-1011
2220-892
2220-2949
2221-1795
2222-2934
2222-2226
2222-2904
2222-1492
2223-132
2223-785
2223-260
2224-2840
2224-2576
2225-330
2225-350
2225-1327
2225-2028
2225-478
2225-2188
2226-2131
2227-93
2228-440
2228-1883
2229-2115
2230-683
2230-1528
2230-2066
2230-602
2230-882
2230-2040
2230-1415
2231-1765
2231-1146
2232-483
2232-1088
2232-2092
2233-1200
2233-1767
2233-409
2234-2499
2235-295
2235-2002
2235-742
2235-2360
2236-2668
2236-736
2236-1632
2236-1305
2237-2936
2237-2829
2237-1602
2237-563
2238-1871
2238-803
2239-2769
2240-2923
2241-740
2241-965
2242-978
2243-361
2243-2933
2243-2619
2243-2480
2244-1591
2244-1507
2245-694
2246-1560
2246-737
2246-1883
2246-1639
2246-2694
2246-173
2247-1897
2247-605
2248-1893
2248-2350
2248-1623
2248-1401
2248-1008
2248-2144
2249-2614
2249-1583
2249-1419
2249-2764
2250-34
2251-2590
2252-1347
2252-340
2252-2340
2252-2590
2252-1139
2252-719
2253-2520
2254-531
2255-802
2255-1109
2255-45
2256-1134
2257-2845
2258-2081
2258-351
2259-1201
2259-2925
2259-290
2259-410
2259-1598
2259-2814
2259-268
2259-2826
2260-1744
2260-2071
2260-1241
2260-628
2260-164
2260-778
2260-1396
2260-1453
2260-490
2261-933
2261-1174
2262-1537
2262-435
2262-1947
2262-1041
2263-1851
2264-263
2264-2301
2264-899
2264-2535
2264-1051
2264-2377
2265-2853
2265-693
2266-575
2266-1553
2266-1425
2267-155
2268-1439
2269-610
2269-1154
2270-542
2270-1184
2271-397
2272-1564
2272-1238
2272-31
2272-1872
2272-759
2273-2975
2274-1365
2275-1464
2276-693
2277-56
2278-2657
2278-841
2278-2929
2279-674
2280-365
2281-2671
2282-2997
2282-2649
2282-2752
2283-673
2284-1066
2284-1017
2284-477
2284-646
2285-1028
2285-1585
2285-552
2285-207
2285-2526
2286-1869
2287-1700
2287-308
2287-1280
2287-178
2288-2195
2288-1638
2289-1645
2290-2632
2290-1779
2290-764
2291-839
2291-1147
2292-630
2293-339
2293-557
2294-2719
2295-2832
2296-2550
2297-1723
2298-2862
2299-899
2299-830
2300-894
2300-927
2300-1924
2301-1658
2301-1433
2302-1168
2302-2457
2302-2335
2302-438
2302-840
2302-780
2302-2330
2302-615
2302-2793
2302-1650
2303-663
2303-1110
2303-189
2303-2197
2304-1730
2304-1075
2304-991
2304-1880
2304-2921
2305-1841
2306-1631
2307-490
2308-1117
2309-2706
2310-584
2311-1904
2312-1315
2312-1021
2313-2987
2313-2867
2314-2087
2314-446
2314-280
2314-3
2315-930
2316-791
2317-2500
2318-1852
2319-1221
2319-2704
2320-2959
2321-2470
2321-478
2322-2652
2323-1073
2324-2300
2325-1371
2326-2718
2326-2396
2327-1313
2327-2321
2327-1251
2327-235
2327-763
2327-2683
2328-1057
2328-969
2329-1180
2330-2031
2330-1488
2330-2972
2331-1106
2331-1741
2331-178
2331-1757
2331-1787
2331-2384
2332-1363
2333-1808
2333-2183
2333-1175
2333-808
2334-558
2335-1736
2335-2036
2335-308
2336-948
2336-2912
2337-874
2338-460
2338-672
2339-1091
2340-321
2341-894
2342-2683
2342-348
2343-1867
2343-1090
2344-2684
2345-2780
2346-2747
2347-1415
2348-2454
2349-519
2349-686
2349-1740
2349-2991
2349-988
2350-1794
2350-664
2351-2342
2352-685
2352-1774
2352-181
2353-648
2354-192
2355-2605
2355-1755
2356-924
2356-2370
2357-2536
2357-706
2358-736
2359-2872
2359-23
2359-1729
2360-537
2361-354
2362-144
2362-1549
2363-304
2364-798
2364-2279
2364-1263
2365-148
2366-1437
2367-1281
2367-814
2367-1989
2367-1920
2368-536
2369-473
2370-2808
2370-1214
2370-1938
2371-2987
2372-414
2373-18
2373-1754
2373-1099
2373-602
2373-2643
2373-1092
2373-163
2374-1095
2374-1898
2375-2715
2375-2305
2376-1735
2376-2278
2377-1899
2377-156
2378-2267
2378-2854
2378-1480
2378-2431
2378-690
2378-1872
2378-1245
2378-2300
2378-462
2378-2649
2378-1967
2378-1807
2379-1775
2379-2864
2380-314
2380-1319
2381-2096
2382-2698
2382-1395
2382-1237
2382-437
2383-2064
2384-129
2385-1923
2385-959
2386-1760
2386-1407
2387-554
2388-1230
2388-2460
2389-303
2389-1655
2389-2807
2390-1501
2391-1184
2392-1134
2393-2192
2393-1706
2394-1170
2394-1949
2394-836
2394-1580
2395-1969
2396-2011
2397-1735
2398-122
2398-1429
2398-1288
2398-1270
2399-1999
2400-1637
2400-59
2400-641
2400-1758
2400-105
2401-231
2402-1472
2403-2204
2404-2903
2405-1740
2406-1984
2407-875
2407-2571
2407-412
2408-2533
2408-1349
2408-2047
2408-15
2409-216
2410-76
2410-811
2411-949
2411-2299
2411-2130
2412-1511
2412-1469
2413-2668
2414-765
2415-2779
2416-460
2417-483
2417-1464
2418-1935
2419-2815
2419-2759
2419-1104
2420-1636
2420-1581
2420-778
2421-2397
2422-22
2423-1167
2424-2201
2424-2923
2425-2734
2426-882
2426-1807
2426-2233
2427-407
2427-685
2427-882
2428-1582
2428-1266
2429-1991
2430-1116
2430-849
2430-104
2430-806
2430-1277
2431-942
2431-60
2431-2707
2432-1602
2433-418
2433-2544
2434-1506
2434-1271
2434-1460
2434-2778
2434-1460
2435-2794
2436-1048
2437-2137
2438-901
2438-101
2439-2791
2439-880
2440-1063
2440-254
2441-1284
2442-693
2442-2243
2443-1781
2443-2737
2444-2253
2444-693
2445-459
2445-2020
2446-1280
2447-126
2447-2017
2447-2974
2447-2496
2448-545
2448-1735
2448-2430
2449-734
2449-23
2449-1325
2450-1282
2450-635
2451-2196
2451-2754
2451-2428
2452-1691
2453-2390
2453-1537
2453-164
2453-1307
2454-2318
2455-2084
2456-978
2457-2323
2457-793
2457-1154
2457-2872
2458-2012
2458-2208
2459-665
2459-1346
2460-2015
2461-34
2461-1976
2462-2965
2463-2100
2463-47
2464-457
2465-2255
2465-1830
2466-1564
2467-1309
2467-1045
2467-92
2467-1257
2468-1193
2469-2111
2470-2565
2470-778
2471-1994
2472-1383
2473-522
2473-2517
2473-2796
2474-442
2475-2529
2476-1319
2476-572
2476-2878
2477-75
2478-1963
2478-904
2479-385
2480-316
2481-2946
2482-2882
2482-150
2483-2461
2484-1785
2485-1193
2486-145
2486-2417
2486-2925
2487-706
2488-1963
2488-2813
2489-967
2489-99
2489-1543
2490-1530
2490-1915
2490-2799
2490-2272
2491-2192
2491-436
2492-337
2492-2408
2492-2552
2492-763
2493-404
2494-1638
2495-341
2496-76
2497-1254
2497-955
2498-1947
2499-879
2499-1729
2499-422
2500-284
2500-1019
2500-2543
2501-1462
2502-1384
2503-932
2504-247
2505-2036
2505-1054
2506-544
2506-2467
2507-869
2508-784
2509-2080
2510-643
2510-2519
2511-382
2512-2713
2512-214
2512-430
2512-828
2513-1172
2514-815
2514-1609
2515-1510
2516-2177
2517-1400
2518-1599
2518-2646
2519-2916
2520-2016
2521-1262
2522-142
2522-623
2522-217
2523-1074
2523-251
2523-988
2523-1067
2524-1335
2525-1309
2526-340
2527-2325
2527-2018
2528-2400
2528-2357
2528-2879
2529-1455
2530-1161
2531-1080
2532-2681
2533-1712
2534-625
2534-2718
2535-2596
2535-1825
2535-2426
2536-354
2536-2490
2536-1823
2536-2740
2537-483
2537-2795
2538-2220
2538-1979
2539-2651
2539-1814
2540-2529
2541-2840
2542-1398
2543-451
2544-2284
2545-878
2545-2708
2545-3
2545-6
2545-2453
2546-2860
2547-119
2548-1408
2549-103
2549-2147
2549-2367
2550-1053
2551-2593
2551-2783
2551-1008
2552-1337
2552-2521
2552-1630
2553-1286
2554-1625
2554-2749
2554-676
2554-767
2554-432
2555-1251
2556-723
2557-685
2557-1968
2558-2550
2558-265
2559-1110
2560-930
2561-1080
2562-908
2562-2062
2563-1674
2564-2787
2564-2162
2564-1040
2564-196
2565-503
2565-2481
2566-2331
2566-2883
2566-212
2566-2173
2567-965
2568-1642
2569-2381
2569-582
2569-2884
2570-641
2571-1004
2571-449
2572-1726
2572-500
2572-676
2573-2216
2573-2028
2573-63
2574-122
2574-2316
2574-1973
2575-2455
2576-2012
2577-1643
2577-462
2578-2376
2579-2943
2580-1178
2580-2063
2580-1226
2580-1738
2581-535
2581-2541
2582-1076
2583-1359
2584-1428
2584-404
2584-1257
2584-460
2585-1940
2586-1687
2586-906
2586-1466
2586-1652
2587-1025
2587-564
2587-844
2587-448
2587-1504
2588-471
2588-1180
2588-1073
2588-460
2589-2253
2590-621
2591-2546
2592-1059
2592-1765
2593-1178
2593-125
2593-2694
2594-2454
2595-2943
2596-440
2596-715
2596-2218
2597-1252
2598-1931
2599-2038
2599-1781
2599-2271
2600-1230
2600-631
2601-388
2602-663
2603-557
2604-2713
2604-1107
2605-568
2605-1317
2605-2376
2605-1352
2605-1540
2606-1415
2607-2047
2607-813
2607-2228
2607-1896
2608-2315
2609-1800
2610-2712
2610-1370
2611-2268
2612-352
2612-2536
2612-349
2613-256
2613-603
2613-1066
2614-2440
2615-689
2616-1263
2616-2910
2617-1743
2618-664
2618-2245
2619-1834
2620-71
2620-2727
2620-2168
2621-29
2621-573
2622-1642
2622-1247
2623-438
2624-1580
2624-603
2624-1663
2624-2719
2624-281
2624-113
2624-2791
2625-2257
2626-1101
2627-1513
2628-1021
2629-2003
2629-1698
2629-124
2630-1236
2631-2650
2632-1143
2633-1009
2633-2720
2634-882
2634-1299
2634-2564
2635-138
2636-1046
2636-1392
2636-205
2636-2501
2636-2989
2637-2634
2638-2502
2639-2057
2639-462
2639-2015
2640-1615
2640-1843
2640-2201
2641-1511
2641-1477
2641-546
2642-2219
2642-448
2643-2490
2643-1840
2644-2269
2644-2103
2645-832
2645-1565
2646-649
2647-1814
2648-710
2648-954
2648-924
2648-2280
2649-2443
2649-332
2650-97
2650-2838
2651-1070
2652-276
2653-1142
2654-983
2655-1670
2655-1464
2655-1443
2656-2181
2656-1893
2656-2125
2657-2420
2657-495
2657-560
2657-2704
2657-2804
2657-435
2657-1991
2658-289
2658-828
2659-1731
2659-1458
2659-518
2660-96
2661-1270
2662-191
2663-2214
2663-2387
2663-1505
2664-2652
2665-2399
2665-2974
2666-1863
2666-1832
2667-1697
2667-2911
2667-1840
2667-1867
2667-1839
2668-424
2669-853
2670-779
2671-1237
2671-891
2671-2625
2672-1528
2672-2386
2672-2895
2672-2031
2673-1832
2674-2661
2674-1772
2674-2358
2675-939
2675-1206
2675-198
2675-2434
2675-185
2675-2920
2676-669
2677-278
2678-2457
2679-924
2680-1878
2680-2770
2680-1698
2681-2140
2682-2459
2682-2049
2683-2008
2683-2302
2683-2697
2684-2103
2684-1778
2684-2906
2684-857
2684-1153
2684-2725
2685-493
2685-708
2685-1183
2686-1823
2687-1885
2688-282
2689-2109
2690-562
2691-624
2691-2022
2691-1763
2692-2468
2692-2438
2692-574
2693-1923
2694-2548
2695-766
2696-145
2696-1877
2697-1113
2698-2774
2699-1859
2699-2090
2700-1746
2700-522
2700-278
2701-1064
2701-1209
2701-2442
2701-2240
2702-522
2703-173
2704-945
2704-98
2704-744
2705-1081
2705-801
2705-559
2706-1555
2707-557
2708-947
2708-138
2708-2802
2709-2413
2710-1766
2710-1467
2711-528
2711-1923
2712-2709
2713-2021
2713-2267
2714-291
2714-857
2715-2395
2715-317
2716-731
2716-806
2716-1320
2717-28
2718-487
2718-356
2719-1626
2720-2034
2721-1421
2721-678
2722-665
2722-61
2722-2438
2723-2893
2724-1674
2725-2339
2725-213
2726-1638
2727-2212
2727-342
2727-99
2728-1593
2728-1767
2729-1743
2729-1302
2729-2713
2730-376
2730-2490
2731-1507
2731-172
2731-436
2732-2504
2732-171
2732-719
2733-2636
2734-1975
2735-2110
2735-1120
2735-618
2736-1494
2736-706
2736-550
2736-870
2736-2227
2736-1725
2736-99
2736-892
2737-2146
2738-2395
2739-2058
2739-1808
2740-1127
2741-2878
2741-2962
2741-869
2742-458
2742-1825
2743-2089
2743-2964
2744-279
2745-85
2745-1939
2745-2766
2745-662
2745-1364
2745-1764
2745-508
2745-1241
2746-506
2746-2506
2746-471
2746-2009
2747-2296
2748-2070
2749-1196
2749-2802
2750-1473
2750-269
2750-1865
2750-569
2750-2967
2751-2374
2752-2204
2752-217
2753-603
2753-858
2754-1794
2754-432
2755-386
2755-1153
2756-2002
2757-1246
2757-1525
2757-696
2757-2982
2757-322
2758-1054
2759-2053
2759-2020
2759-736
2759-1959
2759-1026
2760-2090
2761-1754
2762-1440
2762-1275
2763-2593
2763-1212
2764-2908
2765-335
2765-1234
2766-1625
2766-2744
2767-882
2768-2074
2768-1558
2768-493
2769-1633
2769-2172
2769-380
2769-1329
2769-379
2769-513
2770-1592
2771-2497
2771-2742
2771-1220
2772-521
2773-185
2773-685
2773-2480
2773-1651
2774-1916
2775-1515
2775-6
2776-2260
2777-630
2777-2726
2778-2913
2779-1171
2780-617
2780-1084
2781-825
2781-664
2781-223
2781-1751
2782-851
2783-1077
2784-2007
2784-526
2784-704
2784-1985
2785-1463
2785-874
2785-2465
2785-1159
2785-1303
2785-1050
2786-1396
2787-287
2788-1750
2789-967
2789-1367
2790-1603
2791-2447
2792-685
2792-1713
2793-2801
2794-1116
2795-1606
2796-2330
2796-1200
2796-1573
2797-2328
2798-605
2798-974
2799-1690
2800-1817
2800-32
2801-1408
2801-2839
2801-2106
2801-1159
2802-1267
2802-1561
2803-2249
2804-514
2805-2756
2806-401
2806-934
2806-472
2806-1838
2807-2687
2807-2057
2807-2553
2807-1852
2808-1123
2808-2805
2809-2751
2810-1363
2810-2030
2810-364
2810-2658
2810-2657
2811-689
2811-625
2811-422
2811-1343
2812-1941
2812-2100
2812-1831
2813-744
2814-1330
2815-502
2816-2340
2817-1508
2817-285
2817-713
2818-2866
2819-1221
2820-645
2820-176
2821-2138
2822-885
2822-1539
2823-1429
2823-4
2824-2587
2825-1896
2826-214
2826-1565
2827-1003
2828-2591
2829-588
2829-1634
2829-2516
2830-2501
2830-1674
2830-1426
2831-1924
2831-1639
2832-1030
2832-753
2832-1108
2833-1552
2834-2798
2834-1158
2835-659
2835-2854
2835-2806
2836-2760
2836-1353
2837-2510
2837-1225
2837-2592
2838-628
2839-258
2839-2640
2839-931
2839-1709
2840-1407
2841-2353
2842-1387
2842-1573
2842-1233
2843-1738
2843-2511
2843-1998
2844-2999
2845-93
2846-129
2847-2350
2848-1124
2848-2659
2848-405
2849-2360
2849-1870
2849-202
2849-2893
2850-136
2850-1888
2851-1725
2851-1833
2851-1419
2851-2367
2851-2029
2852-211
2853-2024
2854-1221
2855-579
2855-2614
2855-2897
2855-2524
2856-133
2857-1970
2857-2479
2858-553
2858-1675
2859-1212
2859-184
2859-427
2860-2286
2861-1804
2862-2247
2863-2140
2863-1704
2863-936
2863-2246
2863-2331
2863-2288
2863-1252
2863-684
2863-2909
2863-723
2864-1623
2865-1282
2866-2540
2867-299
2868-1504
2869-427
2869-2502
2870-423
2871-731
2871-476
2871-1443
2871-316
2872-98
2873-334
2874-227
2875-485
2876-601
2876-1666
2877-1625
2877-2934
2877-809
2877-1259
2877-2453
2878-924
2878-1427
2879-789
2879-2712
2880-2157
2880-2579
2880-2475
2881-2998
2882-2025
2882-1515
2883-2488
2884-166
2884-1135
2884-2053
2884-297
2884-2050
2884-1274
2885-1323
2886-392
2886-2222
2886-2048
2887-2154
2887-2476
2888-607
2889-859
2889-368
2889-2183
2890-1433
2890-2097
2890-2930
2890-154
2890-1366
2890-2129
2891-1408
2891-932
2891-868
2891-2563
2891-2635
2891-2942
2891-371
2892-1256
2892-2516
2893-1781
2894-1136
2894-1212
2895-2268
2896-27
2896-2151
2897-335
2897-43
2898-2364
2898-2312
2898-359
2899-2200
2900-2032
2900-2772
2901-773
2902-1845
2902-2173
2903-1790
2903-2699
2903-765
2903-2342
2904-661
2904-2367
2905-375
2906-835
2907-2382
2907-1312
2907-1088
2908-2166
2908-2027
2909-2595
2909-1275
2909-2209
2910-2515
2910-1693
2910-2936
2911-1724
2912-2513
2913-2459
2913-1898
2913-2926
2914-1233
2914-2759
2914-189
2915-2234
2916-532
2917-1294
2917-641
2917-925
2917-98
2917-1475
2918-122
2918-1536
2918-289
2919-2873
2920-634
2920-2964
2920-39
2920-1618
2920-48
2921-2958
2921-2363
2922-1825
2923-1101
2924-2631
2925-2972
2925-2444
2925-2422
2926-2452
2927-2423
2928-1279
2928-979
2928-697
2929-143
2929-549
2929-2516
2930-2226
2930-1019
2931-126
2932-1440
2933-5
2934-231
2934-938
2934-693
2934-2043
2934-2805
2935-1179
2936-2347
2937-2544
2938-1789
2938-1933
2939-1120
2939-2910
2940-350
2940-577
2940-658
2941-180
2941-984
2942-922
2943-1432
2944-1994
2944-133
2944-366
2944-454
2944-2310
2944-1183
2945-2378
2946-2040
2946-1462
2947-79
2948-964
2948-763
2949-428
2950-2660
2951-2249
2952-2805
2953-366
2954-2591
2955-2774
2956-698
2956-867
2957-392
2957-1039
2958-2090
2958-617
2958-1272
2958-2434
2958-1456
2959-935
2959-621
2959-410
2960-2660
2960-2145
2960-1260
2961-1378
2962-1091
2962-683
2963-2816
2963-352
2964-65
2965-2015
2965-2542
2966-339
2967-1631
2967-1735
2968-2103
2969-2221
2969-974
2969-2667
2970-272
2971-202
2972-1543
2972-2252
2972-1241
2973-1919
2974-310
2974-258
2975-1225
2976-1153
2977-654
2977-323
2978-749
2979-1367
2980-472
2980-1124
2981-2157
2982-1842
2983-1978
2984-194
2985-993
2986-1344
2987-2020
2988-158
2988-731
2989-33
2989-1452
2989-947
2989-1492
2989-1073
2989-2141
2989-60
2990-603
2990-1642
2990-2349
2990-2056
2990-2437
2990-2945
2990-2347
2990-937
2991-2439
2991-1739
2992-247
2993-1746
2994-70
2995-100
2995-688
2996-38
2996-1760
2997-1451
2997-2122
2997-1828
2998-1903
2998-2171
2998-1331
2998-1570
2999-1738
2999-1444
2999-21
start-1438
end-501
