100
##start
start 0 1
##end
end 1 0
0 0 0
1 1 1
2 2 2
3 3 3
4 4 4
5 5 5
6 6 6
7 7 7
8 8 8
9 9 9
10 10 10
11 11 11
12 12 12
13 13 13
14 14 14
15 15 15
16 16 16
17 17 17
18 18 18
19 19 19
20 20 20
21 21 21
22 22 22
23 23 23
24 24 24
25 25 25
26 26 26
27 27 27
28 28 28
29 29 29
30 30 30
31 31 31
32 32 32
33 33 33
34 34 34
35 35 35
36 36 36
37 37 37
38 38 38
39 39 39
40 40 40
41 41 41
42 42 42
43 43 43
44 44 44
45 45 45
46 46 46
47 47 47
48 48 48
49 49 49
50 50 50
51 51 51
52 52 52
53 53 53
54 54 54
55 55 55
56 56 56
57 57 57
58 58 58
59 59 59
60 60 60
61 61 61
62 62 62
63 63 63
64 64 64
65 65 65
66 66 66
67 67 67
68 68 68
69 69 69
70 70 70
71 71 71
72 72 72
73 73 73
74 74 74
75 75 75
76 76 76
77 77 77
78 78 78
79 79 79
80 80 80
81 81 81
82 82 82
83 83 83
84 84 84
85 85 85
86 86 86
87 87 87
88 88 88
89 89 89
90 90 90
91 91 91
92 92 92
93 93 93
94 94 94
95 95 95
96 96 96
97 97 97
98 98 98
99 99 99
100 100 100
101 101 101
102 102 102
103 103 103
104 104 104
105 105 105
106 106 106
107 107 107
108 108 108
109 109 109
110 110 110
111 111 111
112 112 112
113 113 113
114 114 114
115 115 115
116 116 116
117 117 117
118 118 118
119 119 119
120 120 120
121 121 121
122 122 122
123 123 123
124 124 124
125 125 125
126 126 126
127 127 127
128 128 128
129 129 129
130 130 130
131 131 131
132 132 132
133 133 133
134 134 134
135 135 135
136 136 136
137 137 137
138 138 138
139 139 139
140 140 140
141 141 141
142 142 142
143 143 143
144 144 144
145 145 145
146 146 146
147 147 147
148 148 148
149 149 149
150 150 150
151 151 151
152 152 152
153 153 153
154 154 154
155 155 155
156 156 156
157 157 157
158 158 158
159 159 159
160 160 160
161 161 161
162 162 162
163 163 163
164 164 164
165 165 165
166 166 166
167 167 167
168 168 168
169 169 169
170 170 170
171 171 171
172 172 172
173 173 173
174 174 174
175 175 175
176 176 176
177 177 177
178 178 178
179 179 179
180 180 180
181 181 181
182 182 182
183 183 183
184 184 184
185 185 185
186 186 186
187 187 187
188 188 188
189 189 189
190 190 190
191 191 191
192 192 192
193 193 193
194 194 194
195 195 195
196 196 196
197 197 197
198 198 198
199 199 199
200 200 200
201 201 201
202 202 202
203 203 203
204 204 204
205 205 205
206 206 206
207 207 207
208 208 208
209 209 209
210 210 210
211 211 211
212 212 212
213 213 213
214 214 214
215 215 215
216 216 216
217 217 217
218 218 218
219 219 219
220 220 220
221 221 221
222 222 222
223 223 223
224 224 224
225 225 225
226 226 226
227 227 227
228 228 228
229 229 229
230 230 230
231 231 231
232 232 232
233 233 233
234 234 234
235 235 235
236 236 236
237 237 237
238 238 238
239 239 239
240 240 240
241 241 241
242 242 242
243 243 243
244 244 244
245 245 245
246 246 246
247 247 247
248 248 248
249 249 249
250 250 250
251 251 251
252 252 252
253 253 253
254 254 254
255 255 255
256 256 256
257 257 257
258 258 258
259 259 259
260 260 260
261 261 261
262 262 262
263 263 263
264 264 264
265 265 265
266 266 266
267 267 267
268 268 268
269 269 269
270 270 270
271 271 271
272 272 272
273 273 273
274 274 274
275 275 275
276 276 276
277 277 277
278 278 278
279 279 279
280 280 280
281 281 281
282 282 282
283 283 283
284 284 284
285 285 285
286 286 286
287 287 287
288 288 288
289 289 289
290 290 290
291 291 291
292 292 292
293 293 293
294 294 294
295 295 295
296 296 296
297 297 297
298 298 298
299 299 299
300 300 300
301 301 301
302 302 302
303 303 303
304 304 304
305 305 305
306 306 306
307 307 307
308 308 308
309 309 309
310 310 310
311 311 311
312 312 312
313 313 313
314 314 314
315 315 315
316 316 316
317 317 317
318 318 318
319 319 319
320 320 320
321 321 321
322 322 322
323 323 323
324 324 324
325 325 325
326 326 326
327 327 327
328 328 328
329 329 329
330 330 330
331 331 331
332 332 332
333 333 333
334 334 334
335 335 335
336 336 336
337 337 337
338 338 338
339 339 339
340 340 340
341 341 341
342 342 342
343 343 343
344 344 344
345 345 345
346 346 346
347 347 347
348 348 348
349 349 349
350 350 350
351 351 351
352 352 352
353 353 353
354 354 354
355 355 355
356 356 356
357 357 357
358 358 358
359 359 359
360 360 360
361 361 361
362 362 362
363 363 363
364 364 364
365 365 365
366 366 366
367 367 367
368 368 368
369 369 369
370 370 370
371 371 371
372 372 372
373 373 373
374 374 374
375 375 375
376 376 376
377 377 377
378 378 378
379 379 379
380 380 380
381 381 381
382 382 382
383 383 383
384 384 384
385 385 385
386 386 386
387 387 387
388 388 388
389 389 389
390 390 390
391 391 391
392 392 392
393 393 393
394 394 394
395 395 395
396 396 396
397 397 397
398 398 398
399 399 399
400 400 400
401 401 401
402 402 402
403 403 403
404 404 404
405 405 405
406 406 406
407 407 407
408 408 408
409 409 409
410 410 410
411 411 411
412 412 412
413 413 413
414 414 414
415 415 415
416 416 416
417 417 417
418 418 418
419 419 419
420 420 420
421 421 421
422 422 422
423 423 423
424 424 424
425 425 425
426 426 426
427 427 427
428 428 428
429 429 429
430 430 430
431 431 431
432 432 432
433 433 433
434 434 434
435 435 435
436 436 436
437 437 437
438 438 438
439 439 439
440 440 440
441 441 441
442 442 442
443 443 443
444 444 444
445 445 445
446 446 446
447 447 447
448 448 448
449 449 449
450 450 450
451 451 451
452 452 452
453 453 453
454 454 454
455 455 455
456 456 456
457 457 457
458 458 458
459 459 459
460 460 460
461 461 461
462 462 462
463 463 463
464 464 464
465 465 465
466 466 466
467 467 467
468 468 468
469 469 469
470 470 470
471 471 471
472 472 472
473 473 473
474 474 474
475 475 475
476 476 476
477 477 477
478 478 478
479 479 479
480 480 480
481 481 481
482 482 482
483 483 483
484 484 484
485 485 485
486 486 486
487 487 487
488 488 488
489 489 489
490 490 490
491 491 491
492 492 492
493 493 493
494 494 494
495 495 495
496 496 496
497 497 497
498 498 498
499 499 499
500 500 500
501 501 501
502 502 502
503 503 503
504 504 504
505 505 505
506 506 506
507 507 507
508 508 508
509 509 509
510 510 510
511 511 511
512 512 512
513 513 513
514 514 514
515 515 515
516 516 516
517 517 517
518 518 518
519 519 519
520 520 520
521 521 521
522 522 522
523 523 523
524 524 524
525 525 525
526 526 526
527 527 527
528 528 528
529 529 529
530 530 530
531 531 531
532 532 532
533 533 533
534 534 534
535 535 535
536 536 536
537 537 537
538 538 538
539 539 539
540 540 540
541 541 541
542 542 542
543 543 543
544 544 544
545 545 545
546 546 546
547 547 547
548 548 548
549 549 549
550 550 550
551 551 551
552 552 552
553 553 553
554 554 554
555 555 555
556 556 556
557 557 557
558 558 558
559 559 559
560 560 560
561 561 561
562 562 562
563 563 563
564 564 564
565 565 565
566 566 566
567 567 567
568 568 568
569 569 569
570 570 570
571 571 571
572 572 572
573 573 573
574 574 574
575 575 575
576 576 576
577 577 577
578 578 578
579 579 579
580 580 580
581 581 581
582 582 582
583 583 583
584 584 584
585 585 585
586 586 586
587 587 587
588 588 588
589 589 589
590 590 590
591 591 591
592 592 592
593 593 593
594 594 594
595 595 595
596 596 596
597 597 597
598 598 598
599 599 599
600 600 600
601 601 601
602 602 602
603 603 603
604 604 604
605 605 605
606 606 606
607 607 607
608 608 608
609 609 609
610 610 610
611 611 611
612 612 612
613 613 613
614 614 614
615 615 615
616 616 616
617 617 617
618 618 618
619 619 619
620 620 620
621 621 621
622 622 622
623 623 623
624 624 624
625 625 625
626 626 626
627 627 627
628 628 628
629 629 629
630 630 630
631 631 631
632 632 632
633 633 633
634 634 634
635 635 635
636 636 636
637 637 637
638 638 638
639 639 639
640 640 640
641 641 641
642 642 642
643 643 643
644 644 644
645 645 645
646 646 646
647 647 647
648 648 648
649 649 649
650 650 650
651 651 651
652 652 652
653 653 653
654 654 654
655 655 655
656 656 656
657 657 657
658 658 658
659 659 659
660 660 660
661 661 661
662 662 662
663 663 663
664 664 664
665 665 665
666 666 666
667 667 667
668 668 668
669 669 669
670 670 670
671 671 671
672 672 672
673 673 673
674 674 674
675 675 675
676 676 676
677 677 677
678 678 678
679 679 679
680 680 680
681 681 681
682 682 682
683 683 683
684 684 684
685 685 685
686 686 686
687 687 687
688 688 688
689 689 689
690 690 690
691 691 691
692 692 692
693 693 693
694 694 694
695 695 695
696 696 696
697 697 697
698 698 698
699 699 699
700 700 700
701 701 701
702 702 702
703 703 703
704 704 704
705 705 705
706 706 706
707 707 707
708 708 708
709 709 709
710 710 710
711 711 711
712 712 712
713 713 713
714 714 714
715 715 715
716 716 716
717 717 717
718 718 718
719 719 719
720 720 720
721 721 721
722 722 722
723 723 723
724 724 724
725 725 725
726 726 726
727 727 727
728 728 728
729 729 729
730 730 730
731 731 731
732 732 732
733 733 733
734 734 734
735 735 735
736 736 736
737 737 737
738 738 738
739 739 739
740 740 740
741 741 741
742 742 742
743 743 743
744 744 744
745 745 745
746 746 746
747 747 747
748 748 748
749 749 749
750 750 750
751 751 751
752 752 752
753 753 753
754 754 754
755 755 755
756 756 756
757 757 757
758 758 758
759 759 759
760 760 760
761 761 761
762 762 762
763 763 763
764 764 764
765 765 765
766 766 766
767 767 767
768 768 768
769 769 769
770 770 770
771 771 771
772 772 772
773 773 773
774 774 774
775 775 775
776 776 776
777 777 777
778 778 778
779 779 779
780 780 780
781 781 781
782 782 782
783 783 783
784 784 784
785 785 785
786 786 786
787 787 787
788 788 788
789 789 789
790 790 790
791 791 791
792 792 792
793 793 793
794 794 794
795 795 795
796 796 796
797 797 797
798 798 798
799 799 799
800 800 800
801 801 801
802 802 802
803 803 803
804 804 804
805 805 805
806 806 806
807 807 807
808 808 808
809 809 809
810 810 810
811 811 811
812 812 812
813 813 813
814 814 814
815 815 815
816 816 816
817 817 817
818 818 818
819 819 819
820 820 820
821 821 821
822 822 822
823 823 823
824 824 824
825 825 825
826 826 826
827 827 827
828 828 828
829 829 829
830 830 830
831 831 831
832 832 832
833 833 833
834 834 834
835 835 835
836 836 836
837 837 837
838 838 838
839 839 839
840 840 840
841 841 841
842 842 842
843 843 843
844 844 844
845 845 845
846 846 846
847 847 847
848 848 848
849 849 849
850 850 850
851 851 851
852 852 852
853 853 853
854 854 854
855 855 855
856 856 856
857 857 857
858 858 858
859 859 859
860 860 860
861 861 861
862 862 862
863 863 863
864 864 864
865 865 865
866 866 866
867 867 867
868 868 868
869 869 869
870 870 870
871 871 871
872 872 872
873 873 873
874 874 874
875 875 875
876 876 876
877 877 877
878 878 878
879 879 879
880 880 880
881 881 881
882 882 882
883 883 883
884 884 884
885 885 885
886 886 886
887 887 887
888 888 888
889 889 889
890 890 890
891 891 891
892 892 892
893 893 893
894 894 894
895 895 895
896 896 896
897 897 897
898 898 898
899 899 899
900 900 900
901 901 901
902 902 902
903 903 903
904 904 904
905 905 905
906 906 906
907 907 907
908 908 908
909 909 909
910 910 910
911 911 911
912 912 912
913 913 913
914 914 914
915 915 915
916 916 916
917 917 917
918 918 918
919 919 919
920 920 920
921 921 921
922 922 922
923 923 923
924 924 924
925 925 925
926 926 926
927 927 927
928 928 928
929 929 929
930 930 930
931 931 931
932 932 932
933 933 933
934 934 934
935 935 935
936 936 936
937 937 937
938 938 938
939 939 939
940 940 940
941 941 941
942 942 942
943 943 943
944 944 944
945 945 945
946 946 946
947 947 947
948 948 948
949 949 949
950 950 950
951 951 951
952 952 952
953 953 953
954 954 954
955 955 955
956 956 956
957 957 957
958 958 958
959 959 959
960 960 960
961 961 961
962 962 962
963 963 963
964 964 964
965 965 965
966 966 966
967 967 967
968 968 968
969 969 969
970 970 970
971 971 971
972 972 972
973 973 973
974 974 974
975 975 975
976 976 976
977 977 977
978 978 978
979 979 979
980 980 980
981 981 981
982 982 982
983 983 983
984 984 984
985 985 985
986 986 986
987 987 987
988 988 988
989 989 989
990 990 990
991 991 991
992 992 992
993 993 993
994 994 994
995 995 995
996 996 996
997 997 997
998 998 998
999 999 999
1000 1000 1000
1001 1001 1001
1002 1002 1002
1003 1003 1003
1004 1004 1004
1005 1005 1005
1006 1006 1006
1007 1007 1007
1008 1008 1008
1009 1009 1009
1010 1010 1010
1011 1011 1011
1012 1012 1012
1013 1013 1013
1014 1014 1014
1015 1015 1015
1016 1016 1016
1017 1017 1017
1018 1018 1018
1019 1019 1019
1020 1020 1020
1021 1021 1021
1022 1022 1022
1023 1023 1023
1024 1024 1024
1025 1025 1025
1026 1026 1026
1027 1027 1027
1028 1028 1028
1029 1029 1029
1030 1030 1030
1031 1031 1031
1032 1032 1032
1033 1033 1033
1034 1034 1034
1035 1035 1035
1036 1036 1036
1037 1037 1037
1038 1038 1038
1039 1039 1039
1040 1040 1040
1041 1041 1041
1042 1042 1042
1043 1043 1043
1044 1044 1044
1045 1045 1045
1046 1046 1046
1047 1047 1047
1048 1048 1048
1049 1049 1049
1050 1050 1050
1051 1051 1051
1052 1052 1052
1053 1053 1053
1054 1054 1054
1055 1055 1055
1056 1056 1056
1057 1057 1057
1058 1058 1058
1059 1059 1059
1060 1060 1060
1061 1061 1061
1062 1062 1062
1063 1063 1063
1064 1064 1064
1065 1065 1065
1066 1066 1066
1067 1067 1067
1068 1068 1068
1069 1069 1069
1070 1070 1070
1071 1071 1071
1072 1072 1072
1073 1073 1073
1074 1074 1074
1075 1075 1075
1076 1076 1076
1077 1077 1077
1078 1078 1078
1079 1079 1079
1080 1080 1080
1081 1081 1081
1082 1082 1082
1083 1083 1083
1084 1084 1084
1085 1085 1085
1086 1086 1086
1087 1087 1087
1088 1088 1088
1089 1089 1089
1090 1090 1090
1091 1091 1091
1092 1092 1092
1093 1093 1093
1094 1094 1094
1095 1095 1095
1096 1096 1096
1097 1097 1097
1098 1098 1098
1099 1099 1099
1100 1100 1100
1101 1101 1101
1102 1102 1102
1103 1103 1103
1104 1104 1104
1105 1105 1105
1106 1106 1106
1107 1107 1107
1108 1108 1108
1109 1109 1109
1110 1110 1110
1111 1111 1111
1112 1112 1112
1113 1113 1113
1114 1114 1114
1115 1115 1115
1116 1116 1116
1117 1117 1117
1118 1118 1118
1119 1119 1119
1120 1120 1120
1121 1121 1121
1122 1122 1122
1123 1123 1123
1124 1124 1124
1125 1125 1125
1126 1126 1126
1127 1127 1127
1128 1128 1128
1129 1129 1129
1130 1130 1130
1131 1131 1131
1132 1132 1132
1133 1133 1133
1134 1134 1134
1135 1135 1135
1136 1136 1136
1137 1137 1137
1138 1138 1138
1139 1139 1139
1140 1140 1140
1141 1141 1141
1142 1142 1142
1143 1143 1143
1144 1144 1144
1145 1145 1145
1146 1146 1146
1147 1147 1147
1148 1148 1148
1149 1149 1149
1150 1150 1150
1151 1151 1151
1152 1152 1152
1153 1153 1153
1154 1154 1154
1155 1155 1155
1156 1156 1156
1157 1157 1157
1158 1158 1158
1159 1159 1159
1160 1160 1160
1161 1161 1161
1162 1162 1162
1163 1163 1163
1164 1164 1164
1165 1165 1165
1166 1166 1166
1167 1167 1167
1168 1168 1168
1169 1169 1169
1170 1170 1170
1171 1171 1171
1172 1172 1172
1173 1173 1173
1174 1174 1174
1175 1175 1175
1176 1176 1176
1177 1177 1177
1178 1178 1178
1179 1179 1179
1180 1180 1180
1181 1181 1181
1182 1182 1182
1183 1183 1183
1184 1184 1184
1185 1185 1185
1186 1186 1186
1187 1187 1187
1188 1188 1188
1189 1189 1189
1190 1190 1190
1191 1191 1191
1192 1192 1192
1193 1193 1193
1194 1194 1194
1195 1195 1195
1196 1196 1196
1197 1197 1197
1198 1198 1198
1199 1199 1199
1200 1200 1200
1201 1201 1201
1202 1202 1202
1203 1203 1203
1204 1204 1204
1205 1205 1205
1206 1206 1206
1207 1207 1207
1208 1208 1208
1209 1209 1209
1210 1210 1210
1211 1211 1211
1212 1212 1212
1213 1213 1213
1214 1214 1214
1215 1215 1215
1216 1216 1216
1217 1217 1217
1218 1218 1218
1219 1219 1219
1220 1220 1220
1221 1221 1221
1222 1222 1222
1223 1223 1223
1224 1224 1224
1225 1225 1225
1226 1226 1226
1227 1227 1227
1228 1228 1228
1229 1229 1229
1230 1230 1230
1231 1231 1231
1232 1232 1232
1233 1233 1233
1234 1234 1234
1235 1235 1235
1236 1236 1236
1237 1237 1237
1238 1238 1238
1239 1239 1239
1240 1240 1240
1241 1241 1241
1242 1242 1242
1243 1243 1243
1244 1244 1244
1245 1245 1245
1246 1246 1246
1247 1247 1247
1248 1248 1248
1249 1249 1249
1250 1250 1250
1251 1251 1251
1252 1252 1252
1253 1253 1253
1254 1254 1254
1255 1255 1255
1256 1256 1256
1257 1257 1257
1258 1258 1258
1259 1259 1259
1260 1260 1260
1261 1261 1261
1262 1262 1262
1263 1263 1263
1264 1264 1264
1265 1265 1265
1266 1266 1266
1267 1267 1267
1268 1268 1268
1269 1269 1269
1270 1270 1270
1271 1271 1271
1272 1272 1272
1273 1273 1273
1274 1274 1274
1275 1275 1275
1276 1276 1276
1277 1277 1277
1278 1278 1278
1279 1279 1279
1280 1280 1280
1281 1281 1281
1282 1282 1282
1283 1283 1283
1284 1284 1284
1285 1285 1285
1286 1286 1286
1287 1287 1287
1288 1288 1288
1289 1289 1289
1290 1290 1290
1291 1291 1291
1292 1292 1292
1293 1293 1293
1294 1294 1294
1295 1295 1295
1296 1296 1296
1297 1297 1297
1298 1298 1298
1299 1299 1299
1300 1300 1300
1301 1301 1301
1302 1302 1302
1303 1303 1303
1304 1304 1304
1305 1305 1305
1306 1306 1306
1307 1307 1307
1308 1308 1308
1309 1309 1309
1310 1310 1310
1311 1311 1311
1312 1312 1312
1313 1313 1313
1314 1314 1314
1315 1315 1315
1316 1316 1316
1317 1317 1317
1318 1318 1318
1319 1319 1319
1320 1320 1320
1321 1321 1321
1322 1322 1322
1323 1323 1323
1324 1324 1324
1325 1325 1325
1326 1326 1326
1327 1327 1327
1328 1328 1328
1329 1329 1329
1330 1330 1330
1331 1331 1331
1332 1332 1332
1333 1333 1333
1334 1334 1334
1335 1335 1335
1336 1336 1336
1337 1337 1337
1338 1338 1338
1339 1339 1339
1340 1340 1340
1341 1341 1341
1342 1342 1342
1343 1343 1343
1344 1344 1344
1345 1345 1345
1346 1346 1346
1347 1347 1347
1348 1348 1348
1349 1349 1349
1350 1350 1350
1351 1351 1351
1352 1352 1352
1353 1353 1353
1354 1354 1354
1355 1355 1355
1356 1356 1356
1357 1357 1357
1358 1358 1358
1359 1359 1359
1360 1360 1360
1361 1361 1361
1362 1362 1362
1363 1363 1363
1364 1364 1364
1365 1365 1365
1366 1366 1366
1367 1367 1367
1368 1368 1368
1369 1369 1369
1370 1370 1370
1371 1371 1371
1372 1372 1372
1373 1373 1373
1374 1374 1374
1375 1375 1375
1376 1376 1376
1377 1377 1377
1378 1378 1378
1379 1379 1379
1380 1380 1380
1381 1381 1381
1382 1382 1382
1383 1383 1383
1384 1384 1384
1385 1385 1385
1386 1386 1386
1387 1387 1387
1388 1388 1388
1389 1389 1389
1390 1390 1390
1391 1391 1391
1392 1392 1392
1393 1393 1393
1394 1394 1394
1395 1395 1395
1396 1396 1396
1397 1397 1397
1398 1398 1398
1399 1399 1399
1400 1400 1400
1401 1401 1401
1402 1402 1402
1403 1403 1403
1404 1404 1404
1405 1405 1405
1406 1406 1406
1407 1407 1407
1408 1408 1408
1409 1409 1409
1410 1410 1410
1411 1411 1411
1412 1412 1412
1413 1413 1413
1414 1414 1414
1415 1415 1415
1416 1416 1416
1417 1417 1417
1418 1418 1418
1419 1419 1419
1420 1420 1420
1421 1421 1421
1422 1422 1422
1423 1423 1423
1424 1424 1424
1425 1425 1425
1426 1426 1426
1427 1427 1427
1428 1428 1428
1429 1429 1429
1430 1430 1430
1431 1431 1431
1432 1432 1432
1433 1433 1433
1434 1434 1434
1435 1435 1435
1436 1436 1436
1437 1437 1437
1438 1438 1438
1439 1439 1439
1440 1440 1440
1441 1441 1441
1442 1442 1442
1443 1443 1443
1444 1444 1444
1445 1445 1445
1446 1446 1446
1447 1447 1447
1448 1448 1448
1449 1449 1449
1450 1450 1450
1451 1451 1451
1452 1452 1452
1453 1453 1453
1454 1454 1454
1455 1455 1455
1456 1456 1456
1457 1457 1457
1458 1458 1458
1459 1459 1459
1460 1460 1460
1461 1461 1461
1462 1462 1462
1463 1463 1463
1464 1464 1464
1465 1465 1465
1466 1466 1466
1467 1467 1467
1468 1468 1468
1469 1469 1469
1470 1470 1470
1471 1471 1471
1472 1472 1472
1473 1473 1473
1474 1474 1474
1475 1475 1475
1476 1476 1476
1477 1477 1477
1478 1478 1478
1479 1479 1479
1480 1480 1480
1481 1481 1481
1482 1482 1482
1483 1483 1483
1484 1484 1484
1485 1485 1485
1486 1486 1486
1487 1487 1487
1488 1488 1488
1489 1489 1489
1490 1490 1490
1491 1491 1491
1492 1492 1492
1493 1493 1493
1494 1494 1494
1495 1495 1495
1496 1496 1496
1497 1497 1497
1498 1498 1498
1499 1499 1499
1500 1500 1500
1501 1501 1501
1502 1502 1502
1503 1503 1503
1504 1504 1504
1505 1505 1505
1506 1506 1506
1507 1507 1507
1508 1508 1508
1509 1509 1509
1510 1510 1510
1511 1511 1511
1512 1512 1512
1513 1513 1513
1514 1514 1514
1515 1515 1515
1516 1516 1516
1517 1517 1517
1518 1518 1518
1519 1519 1519
1520 1520 1520
1521 1521 1521
1522 1522 1522
1523 1523 1523
1524 1524 1524
1525 1525 1525
1526 1526 1526
1527 1527 1527
1528 1528 1528
1529 1529 1529
1530 1530 1530
1531 1531 1531
1532 1532 1532
1533 1533 1533
1534 1534 1534
1535 1535 1535
1536 1536 1536
1537 1537 1537
1538 1538 1538
1539 1539 1539
1540 1540 1540
1541 1541 1541
1542 1542 1542
1543 1543 1543
1544 1544 1544
1545 1545 1545
1546 1546 1546
1547 1547 1547
1548 1548 1548
1549 1549 1549
1550 1550 1550
1551 1551 1551
1552 1552 1552
1553 1553 1553
1554 1554 1554
1555 1555 1555
1556 1556 1556
1557 1557 1557
1558 1558 1558
1559 1559 1559
1560 1560 1560
1561 1561 1561
1562 1562 1562
1563 1563 1563
1564 1564 1564
1565 1565 1565
1566 1566 1566
1567 1567 1567
1568 1568 1568
1569 1569 1569
1570 1570 1570
1571 1571 1571
1572 1572 1572
1573 1573 1573
1574 1574 1574
1575 1575 1575
1576 1576 1576
1577 1577 1577
1578 1578 1578
1579 1579 1579
1580 1580 1580
1581 1581 1581
1582 1582 1582
1583 1583 1583
1584 1584 1584
1585 1585 1585
1586 1586 1586
1587 1587 1587
1588 1588 1588
1589 1589 1589
1590 1590 1590
1591 1591 1591
1592 1592 1592
1593 1593 1593
1594 1594 1594
1595 1595 1595
1596 1596 1596
1597 1597 1597
1598 1598 1598
1599 1599 1599
1600 1600 1600
1601 1601 1601
1602 1602 1602
1603 1603 1603
1604 1604 1604
1605 1605 1605
1606 1606 1606
1607 1607 1607
1608 1608 1608
1609 1609 1609
1610 1610 1610
1611 1611 1611
1612 1612 1612
1613 1613 1613
1614 1614 1614
1615 1615 1615
1616 1616 1616
1617 1617 1617
1618 1618 1618
1619 1619 1619
1620 1620 1620
1621 1621 1621
1622 1622 1622
1623 1623 1623
1624 1624 1624
1625 1625 1625
1626 1626 1626
1627 1627 1627
1628 1628 1628
1629 1629 1629
1630 1630 1630
1631 1631 1631
1632 1632 1632
1633 1633 1633
1634 1634 1634
1635 1635 1635
1636 1636 1636
1637 1637 1637
1638 1638 1638
1639 1639 1639
1640 1640 1640
1641 1641 1641
1642 1642 1642
1643 1643 1643
1644 1644 1644
1645 1645 1645
1646 1646 1646
1647 1647 1647
1648 1648 1648
1649 1649 1649
1650 1650 1650
1651 1651 1651
1652 1652 1652
1653 1653 1653
1654 1654 1654
1655 1655 1655
1656 1656 1656
1657 1657 1657
1658 1658 1658
1659 1659 1659
1660 1660 1660
1661 1661 1661
1662 1662 1662
1663 1663 1663
1664 1664 1664
1665 1665 1665
1666 1666 1666
1667 1667 1667
1668 1668 1668
1669 1669 1669
1670 1670 1670
1671 1671 1671
1672 1672 1672
1673 1673 1673
1674 1674 1674
1675 1675 1675
1676 1676 1676
1677 1677 1677
1678 1678 1678
1679 1679 1679
1680 1680 1680
1681 1681 1681
1682 1682 1682
1683 1683 1683
1684 1684 1684
1685 1685 1685
1686 1686 1686
1687 1687 1687
1688 1688 1688
1689 1689 1689
1690 1690 1690
1691 1691 1691
1692 1692 1692
1693 1693 1693
1694 1694 1694
1695 1695 1695
1696 1696 1696
1697 1697 1697
1698 1698 1698
1699 1699 1699
1700 1700 1700
1701 1701 1701
1702 1702 1702
1703 1703 1703
1704 1704 1704
1705 1705 1705
1706 1706 1706
1707 1707 1707
1708 1708 1708
1709 1709 1709
1710 1710 1710
1711 1711 1711
1712 1712 1712
1713 1713 1713
1714 1714 1714
1715 1715 1715
1716 1716 1716
1717 1717 1717
1718 1718 1718
1719 1719 1719
1720 1720 1720
1721 1721 1721
1722 1722 1722
1723 1723 1723
1724 1724 1724
1725 1725 1725
1726 1726 1726
1727 1727 1727
1728 1728 1728
1729 1729 1729
1730 1730 1730
1731 1731 1731
1732 1732 1732
1733 1733 1733
1734 1734 1734
1735 1735 1735
1736 1736 1736
1737 1737 1737
1738 1738 1738
1739 1739 1739
1740 1740 1740
1741 1741 1741
1742 1742 1742
1743 1743 1743
1744 1744 1744
1745 1745 1745
1746 1746 1746
1747 1747 1747
1748 1748 1748
1749 1749 1749
1750 1750 1750
1751 1751 1751
1752 1752 1752
1753 1753 1753
1754 1754 1754
1755 1755 1755
1756 1756 1756
1757 1757 1757
1758 1758 1758
1759 1759 1759
1760 1760 1760
1761 1761 1761
1762 1762 1762
1763 1763 1763
1764 1764 1764
1765 1765 1765
1766 1766 1766
1767 1767 1767
1768 1768 1768
1769 1769 1769
1770 1770 1770
1771 1771 1771
1772 1772 1772
1773 1773 1773
1774 1774 1774
1775 1775 1775
1776 1776 1776
1777 1777 1777
1778 1778 1778
1779 1779 1779
1780 1780 1780
1781 1781 1781
1782 1782 1782
1783 1783 1783
1784 1784 1784
1785 1785 1785
1786 1786 1786
1787 1787 1787
1788 1788 1788
1789 1789 1789
1790 1790 1790
1791 1791 1791
1792 1792 1792
1793 1793 1793
1794 1794 1794
1795 1795 1795
1796 1796 1796
1797 1797 1797
1798 1798 1798
1799 1799 1799
1800 1800 1800
1801 1801 1801
1802 1802 1802
1803 1803 1803
1804 1804 1804
1805 1805 1805
1806 1806 1806
1807 1807 1807
1808 1808 1808
1809 1809 1809
1810 1810 1810
1811 1811 1811
1812 1812 1812
1813 1813 1813
1814 1814 1814
1815 1815 1815
1816 1816 1816
1817 1817 1817
1818 1818 1818
1819 1819 1819
1820 1820 1820
1821 1821 1821
1822 1822 1822
1823 1823 1823
1824 1824 1824
1825 1825 1825
1826 1826 1826
1827 1827 1827
1828 1828 1828
1829 1829 1829
1830 1830 1830
1831 1831 1831
1832 1832 1832
1833 1833 1833
1834 1834 1834
1835 1835 1835
1836 1836 1836
1837 1837 1837
1838 1838 1838
1839 1839 1839
1840 1840 1840
1841 1841 1841
1842 1842 1842
1843 1843 1843
1844 1844 1844
1845 1845 1845
1846 1846 1846
1847 1847 1847
1848 1848 1848
1849 1849 1849
1850 1850 1850
1851 1851 1851
1852 1852 1852
1853 1853 1853
1854 1854 1854
1855 1855 1855
1856 1856 1856
1857 1857 1857
1858 1858 1858
1859 1859 1859
1860 1860 1860
1861 1861 1861
1862 1862 1862
1863 1863 1863
1864 1864 1864
1865 1865 1865
1866 1866 1866
1867 1867 1867
1868 1868 1868
1869 1869 1869
1870 1870 1870
1871 1871 1871
1872 1872 1872
1873 1873 1873
1874 1874 1874
1875 1875 1875
1876 1876 1876
1877 1877 1877
1878 1878 1878
1879 1879 1879
1880 1880 1880
1881 1881 1881
1882 1882 1882
1883 1883 1883
1884 1884 1884
1885 1885 1885
1886 1886 1886
1887 1887 1887
1888 1888 1888
1889 1889 1889
1890 1890 1890
1891 1891 1891
1892 1892 1892
1893 1893 1893
1894 1894 1894
1895 1895 1895
1896 1896 1896
1897 1897 1897
1898 1898 1898
1899 1899 1899
1900 1900 1900
1901 1901 1901
1902 1902 1902
1903 1903 1903
1904 1904 1904
1905 1905 1905
1906 1906 1906
1907 1907 1907
1908 1908 1908
1909 1909 1909
1910 1910 1910
1911 1911 1911
1912 1912 1912
1913 1913 1913
1914 1914 1914
1915 1915 1915
1916 1916 1916
1917 1917 1917
1918 1918 1918
1919 1919 1919
1920 1920 1920
1921 1921 1921
1922 1922 1922
1923 1923 1923
1924 1924 1924
1925 1925 1925
1926 1926 1926
1927 1927 1927
1928 1928 1928
1929 1929 1929
1930 1930 1930
1931 1931 1931
1932 1932 1932
1933 1933 1933
1934 1934 1934
1935 1935 1935
1936 1936 1936
1937 1937 1937
1938 1938 1938
1939 1939 1939
1940 1940 1940
1941 1941 1941
1942 1942 1942
1943 1943 1943
1944 1944 1944
1945 1945 1945
1946 1946 1946
1947 1947 1947
1948 1948 1948
1949 1949 1949
1950 1950 1950
1951 1951 1951
1952 1952 1952
1953 1953 1953
1954 1954 1954
1955 1955 1955
1956 1956 1956
1957 1957 1957
1958 1958 1958
1959 1959 1959
1960 1960 1960
1961 1961 1961
1962 1962 1962
1963 1963 1963
1964 1964 1964
1965 1965 1965
1966 1966 1966
1967 1967 1967
1968 1968 1968
1969 1969 1969
1970 1970 1970
1971 1971 1971
1972 1972 1972
1973 1973 1973
1974 1974 1974
1975 1975 1975
1976 1976 1976
1977 1977 1977
1978 1978 1978
1979 1979 1979
1980 1980 1980
1981 1981 1981
1982 1982 1982
1983 1983 1983
1984 1984 1984
1985 1985 1985
1986 1986 1986
1987 1987 1987
1988 1988 1988
1989 1989 1989
1990 1990 1990
1991 1991 1991
1992 1992 1992
1993 1993 1993
1994 1994 1994
1995 1995 1995
1996 1996 1996
1997 1997 1997
1998 1998 1998
1999 1999 1999
0-1373
1-796
2-1920
3-586
4-1875
5-1282
5-1384
6-425
7-775
7-1290
7-187
8-945
9-1795
10-277
11-210
12-1471
13-1759
14-874
15-161
15-1622
16-441
17-141
17-725
17-1983
18-1763
18-1565
19-1428
20-1502
20-153
20-628
21-1683
21-1489
21-863
22-69
22-1618
23-313
24-1519
24-596
24-946
24-71
25-132
25-255
25-70
25-1744
26-378
26-366
26-1522
27-1078
28-1206
29-1507
29-43
29-256
29-1317
30-187
31-568
32-610
33-1053
33-920
33-264
34-1682
35-1934
35-643
35-994
36-891
36-228
36-133
37-1527
38-896
39-859
40-628
40-64
41-33
41-124
42-1052
42-1002
43-385
43-1875
44-641
44-1804
45-1685
45-896
46-840
46-853
47-258
48-959
48-850
49-909
50-1992
50-1260
51-1099
51-1214
52-1107
53-1287
54-1108
54-1396
55-1783
55-27
56-909
57-1370
57-1851
58-170
58-1795
59-57
60-963
61-812
61-1082
61-1479
61-704
62-334
62-1405
63-1520
63-1300
63-501
64-227
64-1578
65-513
65-639
65-241
66-623
67-1553
67-849
67-1410
68-1765
69-1940
70-1555
70-1497
70-1417
71-1733
72-883
73-1124
74-142
75-526
75-1035
75-1016
76-1852
77-368
77-881
78-850
78-821
78-1058
79-216
79-1101
79-1798
80-791
80-1172
80-848
81-487
81-1420
82-1801
82-846
83-908
83-296
84-1712
85-777
85-1315
86-701
87-813
87-856
88-1391
89-1331
89-440
90-1038
90-194
90-472
91-1686
91-1171
92-563
92-1869
92-532
92-357
93-46
93-803
93-1030
94-274
95-1604
96-590
96-1994
96-454
96-642
96-964
97-583
98-1499
98-1106
99-721
99-1534
100-809
100-1937
100-896
101-301
102-1
102-427
102-1708
103-1993
104-648
105-1636
106-1127
107-1652
107-1819
108-940
109-583
110-795
110-534
111-85
111-178
111-1362
112-1488
113-1336
113-24
114-300
114-1645
115-885
116-670
117-1703
117-984
117-170
118-805
119-368
120-1791
121-33
122-1396
122-698
123-334
123-576
124-1941
125-1016
126-59
127-1124
127-1428
128-1036
128-1010
128-654
128-1814
128-1347
129-710
130-16
131-1051
132-1752
132-1771
133-1047
134-789
135-757
136-167
137-279
137-1104
137-1333
137-410
137-1971
138-1211
138-18
138-1521
138-1606
139-1357
140-1749
141-642
141-888
141-1021
141-1453
141-913
141-533
142-1122
142-1737
142-1252
143-799
143-851
144-450
144-1184
144-1374
145-1904
146-1248
146-336
146-959
146-1838
146-668
146-1996
146-1242
147-32
147-7
148-66
149-1721
149-1106
150-94
150-616
151-46
152-201
153-1111
154-378
155-907
155-111
155-87
155-283
156-94
157-1422
157-876
157-135
158-1464
159-262
159-1272
159-1692
159-1485
159-1316
160-251
160-471
161-1120
162-111
162-1959
162-1900
163-1634
164-815
164-1430
165-1604
166-1471
166-1291
166-1965
166-1926
166-1779
166-1705
166-1055
166-1174
167-566
168-1661
169-1140
170-1107
170-1471
171-1385
171-415
171-241
171-1950
172-334
173-1286
174-1678
174-1586
174-1362
174-1442
175-1299
176-757
176-1540
176-1101
176-1191
176-1033
177-1046
178-1208
179-1931
179-950
179-1917
180-439
181-1227
181-557
181-1105
182-673
182-1423
182-750
182-71
183-1676
183-1142
184-376
185-677
186-1344
186-922
186-543
186-1469
186-1190
187-1085
188-563
189-1243
189-575
190-1633
190-359
190-1043
190-1847
191-1122
191-51
192-474
193-112
193-733
194-555
194-891
195-1082
195-1257
195-154
195-226
195-1380
196-1860
197-1747
198-1429
199-792
200-816
201-206
202-255
202-1228
203-869
203-51
204-162
204-1483
205-1237
206-641
206-1677
206-518
207-1408
208-939
209-502
210-1606
211-1940
211-1525
212-461
213-1221
213-1798
214-67
215-1086
216-232
216-80
217-413
217-1815
218-1339
219-1632
220-1769
220-663
220-432
220-770
221-284
222-626
223-578
224-1279
224-1135
224-485
224-521
224-1746
224-1402
224-1497
225-280
226-1806
226-677
227-1202
228-410
228-517
229-113
230-1524
230-457
230-1773
230-14
230-1348
230-965
231-933
232-779
232-1041
233-1106
233-1594
234-667
234-731
234-60
234-244
234-354
234-1911
235-654
235-1216
235-178
235-1275
235-1244
236-513
237-603
238-437
239-1651
240-1304
240-516
241-69
242-377
242-293
242-1741
243-922
244-1925
244-1492
244-504
244-1398
245-1469
246-865
246-996
246-278
246-219
246-1177
247-833
248-432
249-146
249-188
250-1323
251-75
251-1839
252-1905
253-64
253-1265
254-1142
255-1396
256-222
257-879
257-102
257-1823
257-226
258-1240
259-580
260-1355
261-1832
261-845
261-1199
262-354
262-129
263-1850
264-556
264-266
264-75
265-1340
266-423
267-744
268-1629
269-1066
270-1051
270-312
270-10
271-305
272-213
273-242
274-33
275-1805
276-81
276-569
276-1082
277-1362
277-1508
277-195
277-93
277-1407
278-105
279-1990
279-307
280-1083
281-1495
282-466
282-915
283-1775
283-1374
283-1394
283-1834
283-1079
284-1470
284-821
284-1902
285-1582
286-1447
287-1583
287-1020
287-385
287-13
287-1576
287-1189
287-1738
288-1293
289-1368
290-1386
290-1028
290-1121
291-71
292-184
293-658
293-825
294-463
295-751
295-210
295-293
296-1
297-1259
298-1307
299-332
300-0
300-736
300-1314
300-293
301-781
301-16
301-840
301-181
302-1133
303-1533
303-319
303-1509
304-1388
304-313
305-376
306-844
306-1545
307-1826
307-1184
307-142
307-446
308-1504
309-1574
310-411
311-1967
312-1427
313-1906
314-99
315-404
315-1757
316-741
317-1375
317-868
317-21
317-345
317-272
318-100
319-1687
319-202
320-729
321-1208
321-795
322-1814
322-658
322-616
323-802
324-395
325-651
325-742
325-722
326-1184
327-1566
327-665
328-1049
328-261
328-684
329-570
330-1475
330-1242
331-1055
332-1477
332-1629
332-538
333-1746
333-1358
334-1321
335-787
335-230
336-453
336-1461
336-1504
336-157
336-1849
337-808
337-695
337-1655
338-678
339-836
339-1392
340-1122
341-29
342-931
342-1525
343-1580
343-1177
343-1892
344-974
344-991
344-117
344-431
345-1843
346-1510
346-452
347-237
348-236
349-1309
349-1120
350-905
350-446
351-387
352-869
352-732
352-1983
352-1806
352-927
353-376
353-1761
354-1600
354-206
354-199
355-841
355-482
356-536
357-528
357-489
357-928
358-1801
359-943
359-664
359-1657
359-1123
360-981
361-1022
361-466
362-1952
363-1278
364-260
365-513
365-1980
365-302
366-1052
366-1542
366-1793
366-1145
367-1251
368-1339
368-149
369-368
369-1061
370-537
371-1152
372-97
372-1189
372-240
373-676
373-1255
374-1561
374-917
374-696
374-950
374-1367
374-641
375-1629
376-844
376-179
377-701
377-1905
378-1711
378-209
378-153
378-1174
378-323
379-1535
380-755
381-1705
382-869
382-1601
383-1597
383-704
384-591
384-1186
385-1557
386-535
386-173
387-1393
388-1927
388-662
389-1642
389-259
390-36
390-257
391-809
391-941
391-30
391-1097
392-1286
393-1177
393-823
394-363
395-597
396-1378
396-713
397-267
398-933
398-376
398-1746
398-528
399-1016
400-53
400-214
400-941
401-868
402-120
402-528
403-1608
403-970
404-1599
405-790
406-1351
406-1102
407-1149
407-283
408-1066
408-874
409-717
410-626
411-1552
412-1583
412-976
413-1395
414-1399
415-1980
415-116
415-1687
415-1938
415-36
416-1297
416-518
416-1184
416-580
417-1538
417-1345
417-1927
417-1161
417-162
418-320
418-1461
418-713
418-1373
419-1213
420-446
421-1354
421-1403
422-773
422-551
423-1876
424-1820
425-1229
426-619
426-767
426-302
427-1946
428-1225
428-1203
428-1787
429-1997
429-1861
429-641
430-1086
431-1948
432-783
432-233
432-210
433-230
433-1745
434-1009
435-1349
435-1088
436-353
437-51
437-1180
437-1250
438-176
439-276
439-1684
440-1708
441-513
441-325
441-371
442-31
443-1807
443-1078
443-8
444-1316
445-1351
445-1721
446-1976
447-96
448-1067
448-1601
448-1026
449-1968
450-1809
450-1747
451-717
451-1449
452-1758
452-1082
452-687
453-190
454-1096
455-107
456-1557
456-1750
456-869
457-1718
458-1006
458-1044
459-178
460-687
460-1327
461-819
461-198
461-1014
462-669
463-1615
463-647
464-1389
465-941
465-277
466-1337
467-1349
467-274
467-1290
468-1648
468-822
469-377
470-1217
470-1292
471-411
472-1018
472-686
473-656
474-157
474-463
475-83
475-1218
476-1170
476-1541
477-1878
478-447
478-1170
478-1788
479-848
480-243
481-1277
482-1521
483-757
483-1824
483-271
483-1388
483-1719
484-460
485-237
486-1869
487-671
488-1118
488-276
488-239
488-1116
488-1885
488-137
488-1509
489-1270
489-1817
490-1871
491-13
492-1213
492-1758
492-1796
492-550
493-1050
494-499
495-1541
496-1768
496-1253
496-1541
496-345
496-1424
497-1512
497-1126
498-12
498-1844
499-1803
500-444
500-540
501-444
501-1010
501-1104
501-484
502-692
502-489
502-1099
502-1632
502-136
502-1499
503-1260
504-1092
505-554
505-507
506-1429
507-396
507-959
507-1120
508-911
509-1672
510-978
510-1024
510-627
510-932
511-414
511-409
511-620
512-489
512-36
513-1140
514-1139
515-807
516-1330
517-1858
517-1543
518-1339
518-768
519-626
520-1528
521-147
522-931
523-1677
523-362
523-694
523-1575
523-1034
523-1516
523-1564
524-614
525-1832
525-1475
525-1751
526-1116
527-726
527-511
528-1569
528-1040
529-1161
529-831
530-1891
530-407
530-1137
531-826
531-96
532-180
532-451
532-1719
533-1496
534-1522
534-294
534-1496
534-1614
535-1331
535-799
535-1813
536-469
536-929
537-1548
538-74
538-1474
539-799
539-1745
539-626
540-1289
540-96
540-718
540-733
540-1784
541-1007
542-337
542-816
543-901
543-710
544-227
545-346
545-1736
545-1444
546-5
547-585
548-114
549-1593
549-1063
549-576
550-347
551-1076
551-1910
551-231
551-1103
552-1507
553-691
553-1026
553-115
554-433
555-1351
555-678
556-1880
556-1737
557-1688
557-1624
558-727
559-373
560-1556
561-1818
562-793
563-1056
564-676
564-1174
564-508
565-585
565-69
565-1087
566-495
566-919
566-562
567-260
568-256
569-1494
569-1585
570-283
570-844
570-50
571-537
572-1505
573-1404
574-138
575-277
575-682
576-1665
576-396
576-226
576-1146
576-797
577-1967
578-1458
579-1711
579-1068
580-1557
580-1375
581-1047
581-1251
581-514
582-313
582-920
583-431
583-239
584-1011
585-232
585-1402
586-1321
586-536
587-828
587-102
587-224
587-1123
587-383
587-1845
587-22
588-1157
588-318
589-903
590-1629
591-1017
591-49
591-283
592-1607
592-1685
592-1389
593-51
594-365
595-1011
595-1384
595-942
595-1357
595-84
596-965
596-978
596-83
597-1492
597-1027
598-826
598-514
598-458
598-1995
598-711
598-467
599-860
599-1974
599-1126
599-1633
599-1585
599-292
600-1003
600-580
601-1567
602-1860
602-1645
602-1711
602-624
602-125
602-1470
603-1057
604-359
605-26
605-907
606-573
606-478
607-353
608-1033
608-1229
609-921
610-149
611-379
611-1093
611-1100
611-477
611-729
612-1869
612-213
612-353
612-892
613-406
613-704
613-275
613-1158
613-1602
614-320
614-758
614-130
615-1528
615-341
616-1061
616-1634
617-1178
618-471
619-754
619-1493
620-1511
620-137
620-733
620-96
620-1271
621-1574
622-1619
622-511
623-1141
623-407
623-528
624-778
624-54
624-892
625-47
626-476
626-1686
626-274
626-1094
627-1430
627-1731
628-341
629-837
630-228
631-1306
632-523
633-1858
633-945
634-1093
635-1403
635-1679
636-1738
636-1184
636-1643
636-1866
637-296
638-762
638-655
638-837
639-825
640-452
641-150
641-1434
642-161
642-1510
642-1340
643-242
644-1506
644-464
645-80
645-29
646-738
647-654
647-681
648-1482
649-1264
650-1547
651-864
652-1749
652-752
653-186
653-249
654-1563
654-285
655-1596
656-286
657-1336
658-1411
658-894
658-562
659-1015
660-1608
661-916
662-1305
663-1240
663-1841
664-1669
664-1584
665-1204
665-1249
666-743
667-1602
667-441
668-1615
668-304
668-956
668-1553
668-1703
668-305
668-1583
669-426
669-211
669-1433
669-1173
669-671
670-1202
670-1583
671-1248
671-1603
671-387
672-1567
672-1042
672-30
673-1673
673-34
674-1374
674-716
675-750
676-809
676-629
676-1713
677-565
678-1592
678-612
678-1779
678-1639
679-753
679-1959
679-498
680-1291
681-109
682-1913
682-1170
683-196
683-1920
683-1161
684-956
684-977
684-260
685-314
685-919
686-463
687-692
688-652
689-1580
689-1570
690-448
691-203
692-1817
692-785
692-1880
693-1270
694-456
695-1996
696-732
696-492
696-463
696-260
697-634
698-1919
698-889
699-1024
700-693
700-1283
700-137
701-1601
702-1589
702-1536
702-497
702-1369
702-1877
702-1317
702-707
703-1328
704-835
704-288
704-1167
705-1828
705-595
706-41
707-1295
708-811
709-50
709-785
709-1227
709-1774
709-338
709-918
710-524
711-258
711-168
711-1752
711-646
712-1636
713-1965
714-761
714-412
714-1958
715-1159
716-1591
717-755
717-1930
717-210
717-1539
717-1351
717-554
717-1798
718-871
718-469
718-1315
718-625
719-1532
720-381
720-1143
721-1270
722-1167
722-1379
722-516
722-1015
723-1114
723-1743
724-1342
724-1696
725-636
725-5
725-1376
726-459
727-1745
728-1607
729-399
730-1549
730-1876
731-1316
731-32
732-1312
732-1546
732-739
732-1873
732-422
732-87
732-1533
732-285
733-232
734-1017
734-995
735-1089
735-290
735-1777
736-1685
737-640
737-635
738-1564
738-1765
738-1299
739-662
739-1542
739-992
740-437
741-1001
741-64
742-1038
743-781
743-948
743-844
744-1839
744-1355
745-1096
746-887
746-877
747-797
748-1629
749-1593
750-1400
750-1010
750-822
751-379
752-1210
753-913
754-421
755-1895
755-1551
756-1716
756-1563
756-747
756-829
757-697
758-1622
759-854
760-456
760-848
761-1229
761-522
761-1636
761-969
762-1378
762-382
762-508
762-384
762-304
762-1542
763-342
764-1362
765-1265
766-882
767-729
768-328
768-1936
768-1250
768-1473
769-1108
769-1527
769-1307
769-144
769-297
770-1271
771-862
772-887
772-206
773-1975
774-1291
775-1803
775-1926
776-1030
776-1048
777-1417
777-1989
777-1070
778-512
779-1105
779-1479
780-84
780-588
781-1585
782-361
782-1418
782-30
783-1718
784-385
784-1005
785-942
785-231
786-540
786-498
787-544
788-767
789-1440
790-1383
790-1819
791-168
792-203
792-619
793-734
794-1530
795-815
795-1183
796-868
797-540
797-813
798-48
799-857
799-356
799-1692
799-1532
799-664
799-794
799-1103
799-1968
799-1066
799-948
800-64
800-174
801-421
802-1651
803-331
803-1859
803-1652
803-411
803-990
803-419
803-149
803-1418
804-654
804-729
805-396
806-369
806-1061
806-1086
807-1104
807-125
808-1446
808-554
808-56
808-283
809-345
810-1894
811-1658
812-345
813-1105
814-603
815-1797
815-1164
815-1936
815-1096
815-937
816-185
816-954
816-1784
816-1491
816-1826
816-833
817-1281
817-363
818-1764
819-314
820-105
821-168
822-289
823-1810
824-415
825-222
826-295
826-1249
827-1864
827-1740
828-1712
828-89
828-1047
828-332
828-1187
829-1797
830-1445
830-1006
831-984
831-1314
831-1187
831-1549
831-1932
831-1587
832-1971
833-526
833-1642
833-257
833-799
833-920
834-1559
835-918
836-1122
837-1928
837-1307
838-627
838-1674
839-1603
840-158
841-1054
841-277
841-629
842-918
843-1407
843-1665
844-1964
845-874
845-659
846-1707
847-81
847-768
848-1256
848-227
849-1456
849-104
850-45
850-879
850-210
850-1720
851-1805
851-134
851-1315
852-1618
853-1520
854-627
854-852
855-936
855-101
856-1301
856-485
856-1038
857-170
858-1086
859-1896
859-627
859-1835
859-1865
860-429
860-689
860-1960
861-151
861-214
862-125
863-536
864-1401
864-1011
864-1391
865-1966
866-1839
867-757
868-646
869-783
869-1728
869-457
869-1212
870-900
870-1402
870-79
870-1852
870-86
870-1601
871-1238
871-1555
871-1109
872-314
872-164
872-182
872-148
872-505
872-758
873-392
873-1005
873-1850
874-1532
874-406
875-1157
875-177
875-1833
875-702
875-416
875-1903
875-4
876-1458
876-241
876-1611
876-491
876-1719
876-1754
876-593
876-1019
877-1709
877-237
877-1288
878-1540
878-1525
879-1012
879-968
879-1135
879-1410
879-1125
879-24
879-1577
879-1074
880-360
880-1150
881-625
882-1155
882-1198
883-1096
884-523
884-176
885-1672
886-1918
887-336
888-1074
889-1051
889-1725
889-1158
890-1116
890-1293
891-1703
892-633
892-1641
892-411
893-1274
894-103
894-1462
895-1212
895-1037
895-314
895-517
895-1322
895-178
896-1893
896-134
897-1083
898-608
899-1994
899-1284
899-684
899-1403
899-1566
899-1519
899-1999
900-1170
901-1066
902-575
903-80
903-1097
903-861
903-1846
903-500
903-878
904-64
905-1571
906-41
907-1210
907-1964
908-603
909-1582
910-203
910-1787
910-232
911-193
911-1555
912-1070
912-1990
913-1180
914-1323
914-1391
915-1928
915-165
915-1925
915-1403
915-1555
916-769
916-205
916-272
916-299
917-429
918-1931
919-726
920-1457
921-1535
921-831
921-1067
921-1073
922-680
922-770
923-293
924-730
924-1150
924-350
925-1230
926-1547
927-1425
927-585
928-514
929-1041
929-1955
930-787
930-1961
931-438
932-146
932-1372
933-1328
933-904
933-1600
933-563
934-1638
935-1369
935-1744
935-1114
935-1578
936-879
936-966
936-579
936-228
936-1336
937-1145
938-1911
939-1088
939-1090
939-777
940-418
941-301
941-942
942-207
943-1852
943-1728
944-1916
944-162
944-1903
944-1536
945-1379
945-359
946-447
946-1171
947-1502
947-1865
948-520
948-1685
949-1201
950-1271
951-1323
952-737
952-726
952-553
953-1009
954-120
955-6
955-433
955-405
956-1573
957-1055
958-1554
959-1942
959-595
959-308
959-1918
960-1072
960-1917
960-904
960-689
960-598
961-1578
961-1703
962-1157
962-1266
963-1335
963-1011
964-940
965-1960
966-685
966-1496
966-1118
966-1418
967-1334
967-1219
967-18
968-1917
969-404
969-414
969-1154
970-1653
970-1751
971-242
972-193
973-1713
974-1579
975-149
975-1318
975-227
976-22
977-32
978-1325
978-958
978-97
978-705
979-160
980-1411
981-221
982-1821
983-772
984-1374
985-1127
986-1019
986-1824
986-1743
986-1198
987-1315
987-99
988-60
989-334
990-664
991-1638
991-1577
992-851
992-1561
993-1968
993-1968
994-765
995-233
996-720
996-1707
997-1455
997-1711
998-490
998-731
998-416
999-1928
999-447
1000-1177
1001-1281
1002-1431
1002-1373
1002-37
1002-463
1002-242
1002-180
1002-1651
1002-360
1002-1414
1003-890
1003-1648
1004-798
1005-1998
1005-1238
1005-1936
1005-720
1005-533
1006-1369
1007-1550
1008-1599
1009-330
1010-1109
1010-1176
1011-1991
1012-809
1013-1374
1013-1600
1013-1531
1013-1548
1013-155
1014-1524
1015-917
1015-116
1016-152
1017-1259
1017-1635
1017-1287
1018-1417
1019-689
1020-1322
1020-415
1021-987
1021-18
1021-1351
1021-754
1021-1318
1022-1459
1022-1141
1023-588
1024-1298
1024-295
1025-1339
1025-898
1026-1397
1027-104
1027-976
1028-244
1028-979
1028-326
1028-277
1029-766
1029-464
1030-1688
1030-1698
1030-255
1030-1652
1031-285
1032-1305
1033-885
1033-1704
1034-1241
1034-559
1035-1725
1036-1844
1036-590
1037-765
1038-1338
1038-1075
1039-360
1040-791
1041-1096
1041-553
1042-1402
1042-1685
1042-1523
1042-793
1043-1514
1044-925
1045-1126
1046-1656
1047-1535
1048-896
1049-1301
1050-275
1051-1713
1052-1566
1053-840
1053-1863
1053-1107
1053-254
1054-603
1055-1266
1055-69
1055-1917
1055-1773
1055-1984
1055-1733
1056-723
1056-331
1056-1466
1057-1186
1057-1859
1058-1946
1059-437
1060-333
1061-1916
1062-919
1062-1442
1063-508
1064-1714
1064-368
1064-641
1065-1598
1065-1011
1065-1990
1066-221
1066-1853
1066-1845
1067-510
1068-1474
1068-624
1068-1356
1069-319
1070-1095
1071-56
1072-1116
1073-982
1074-1647
1075-804
1075-503
1076-1255
1076-1923
1076-1777
1076-1905
1077-1134
1077-316
1077-13
1078-777
1078-1110
1079-1025
1079-1489
1080-299
1081-705
1082-482
1083-1178
1083-1673
1083-1928
1084-162
1085-1195
1086-1363
1087-1618
1087-1045
1087-1215
1087-1183
1088-705
1088-1275
1089-70
1089-1145
1089-1320
1089-1119
1089-1032
1089-1816
1090-1587
1090-307
1090-1423
1090-205
1090-1792
1091-1312
1091-219
1092-1840
1093-1378
1093-276
1093-1882
1093-408
1093-433
1093-840
1094-175
1094-1634
1095-814
1095-1624
1096-1484
1096-514
1097-525
1097-391
1098-416
1098-1736
1099-9
1100-979
1101-1486
1101-1056
1101-711
1102-1065
1103-1698
1104-1230
1105-1132
1105-1029
1105-313
1106-128
1106-760
1107-1089
1108-1463
1109-1968
1110-635
1110-73
1110-383
1111-773
1112-1330
1113-212
1113-877
1113-722
1113-1352
1114-1752
1115-757
1116-1086
1116-1814
1116-1685
1116-558
1117-995
1117-400
1117-1857
1118-589
1118-853
1119-1345
1119-1120
1119-304
1120-1251
1120-712
1121-1707
1121-1638
1122-959
1122-100
1123-1823
1123-869
1124-49
1125-781
1125-45
1125-972
1126-16
1127-582
1127-256
1127-351
1127-1570
1127-1206
1128-734
1128-1788
1129-57
1129-1453
1130-728
1130-1944
1130-576
1131-728
1131-475
1132-1791
1132-335
1133-1866
1133-1344
1133-1213
1133-404
1134-1226
1135-975
1136-1103
1137-553
1137-1316
1138-1720
1138-790
1138-689
1138-1209
1139-1253
1140-1521
1141-63
1141-1438
1141-1848
1141-670
1142-850
1143-609
1143-730
1143-1654
1143-3
1144-822
1145-66
1146-1150
1146-1581
1146-1752
1146-1599
1146-320
1147-1701
1148-751
1149-1437
1150-1327
1151-856
1151-999
1151-335
1152-993
1153-1816
1154-1149
1155-422
1156-182
1157-310
1157-282
1157-1120
1157-561
1158-617
1158-1529
1158-1010
1158-1044
1158-710
1158-695
1159-307
1159-854
1159-730
1159-941
1160-1099
1160-38
1161-429
1162-895
1162-1530
1162-1256
1162-442
1162-958
1163-379
1164-1620
1165-137
1165-9
1166-1950
1166-1075
1166-1099
1167-1035
1167-808
1167-1417
1167-1684
1167-657
1167-1943
1167-509
1167-772
1167-1520
1168-636
1169-1077
1169-445
1170-1645
1170-1162
1170-424
1171-1796
1171-1930
1171-754
1172-930
1172-829
1172-1976
1172-1629
1172-1395
1172-59
1173-720
1173-416
1174-562
1174-854
1175-250
1175-443
1175-178
1175-1798
1175-262
1175-394
1175-1402
1176-768
1177-1860
1177-382
1178-1057
1178-187
1178-528
1179-1646
1179-103
1179-658
1180-969
1181-65
1182-539
1182-1055
1183-100
1183-660
1184-983
1184-1470
1185-1914
1186-1322
1187-1330
1187-1287
1187-1672
1188-1010
1189-663
1189-1450
1189-785
1190-143
1190-6
1190-399
1190-1851
1190-1269
1191-32
1191-1089
1191-241
1191-1017
1192-744
1192-855
1193-1270
1194-637
1194-1395
1195-1417
1195-34
1195-539
1196-1219
1197-254
1198-389
1199-1437
1200-1775
1200-839
1200-1572
1201-1738
1201-789
1201-323
1202-137
1202-643
1202-127
1203-1909
1203-1630
1204-1764
1205-480
1205-1838
1206-1728
1207-1314
1207-173
1208-1894
1208-8
1209-1873
1209-524
1210-624
1211-172
1211-487
1212-121
1212-69
1212-544
1213-1427
1214-1254
1214-1954
1215-1984
1215-1512
1215-1214
1215-400
1216-1412
1216-1952
1217-1748
1218-143
1219-1276
1219-1624
1219-1011
1219-1189
1220-757
1220-1746
1220-1041
1220-1634
1220-1420
1221-50
1221-890
1221-991
1222-907
1222-1845
1222-1486
1222-1106
1223-1989
1223-825
1223-689
1224-478
1224-1628
1225-687
1226-1253
1227-1266
1227-1711
1227-1137
1228-1572
1228-980
1229-1848
1230-835
1230-424
1230-49
1230-445
1231-1251
1231-1908
1231-1098
1232-1954
1232-376
1233-618
1233-849
1234-1217
1235-1049
1235-1001
1235-1554
1235-1083
1235-884
1236-1979
1237-49
1237-1394
1238-1319
1238-832
1238-1150
1238-824
1238-1969
1239-1466
1239-469
1239-765
1239-1105
1239-118
1240-1052
1240-1239
1240-1120
1241-1413
1242-1013
1243-833
1244-1014
1245-1646
1246-1576
1247-1224
1247-1765
1248-442
1248-1421
1249-1540
1250-1812
1251-699
1251-137
1252-1067
1253-602
1253-59
1254-708
1254-1088
1254-22
1255-132
1255-1211
1256-1025
1257-981
1257-1971
1258-584
1258-1484
1259-151
1260-145
1260-1741
1260-560
1261-907
1261-936
1262-1418
1262-777
1263-1533
1263-1695
1263-1568
1263-1022
1263-1241
1263-887
1263-699
1263-1262
1263-829
1264-1896
1264-1512
1264-1894
1264-686
1265-919
1266-1035
1266-278
1266-561
1267-1686
1268-43
1268-171
1269-28
1270-1030
1271-49
1272-1874
1273-856
1273-277
1274-1672
1274-1524
1274-146
1275-1833
1275-286
1275-1961
1275-888
1276-1425
1277-999
1278-875
1278-1870
1278-1771
1278-1526
1278-1447
1278-1755
1278-998
1279-496
1280-171
1281-355
1281-1588
1281-451
1281-569
1281-1658
1281-217
1282-1367
1282-382
1283-1337
1284-1444
1285-1769
1285-1385
1286-525
1286-1412
1286-328
1286-756
1286-1699
1286-1373
1286-1358
1287-375
1287-824
1287-965
1287-1848
1287-601
1288-1889
1288-1683
1288-377
1288-664
1288-1577
1289-308
1290-460
1290-1733
1290-895
1291-104
1291-738
1292-386
1293-1672
1293-331
1293-1280
1293-365
1294-554
1294-554
1294-838
1294-296
1294-1996
1294-157
1295-1026
1295-1945
1296-1322
1296-1129
1296-1937
1296-480
1297-373
1297-814
1297-1764
1298-591
1299-1288
1300-1224
1300-238
1300-319
1300-931
1300-1249
1300-139
1300-358
1301-1547
1301-1307
1301-68
1302-1074
1303-413
1303-1458
1304-1910
1305-776
1305-1598
1306-1459
1306-1803
1307-1702
1308-1306
1309-923
1309-477
1310-1341
1310-1996
1310-843
1311-766
1311-1619
1312-1770
1312-267
1312-1844
1312-824
1313-315
1313-414
1314-1033
1315-1580
1315-1168
1316-86
1317-444
1317-1608
1317-1762
1318-190
1319-623
1319-1163
1320-1009
1320-432
1320-1928
1320-823
1320-1887
1321-795
1321-1840
1321-1367
1322-580
1323-767
1324-311
1325-260
1325-1825
1325-1601
1325-1535
1326-813
1326-649
1326-1901
1327-1564
1328-1280
1328-415
1328-1038
1328-1051
1329-760
1329-354
1330-1887
1330-1639
1331-460
1331-748
1332-696
1332-1869
1333-1282
1334-1209
1334-547
1335-711
1336-1059
1336-922
1337-1092
1338-1148
1339-1090
1340-449
1341-1100
1342-345
1343-423
1344-1914
1344-799
1345-1277
1345-1861
1345-1589
1345-297
1345-1218
1345-840
1346-1656
1346-1252
1346-389
1347-1101
1348-1597
1349-584
1350-1750
1350-1160
1350-766
1350-1742
1351-506
1352-1410
1352-339
1352-1416
1353-49
1354-317
1354-1355
1355-230
1356-1709
1357-1736
1358-1964
1358-1690
1359-1543
1359-1301
1360-1893
1360-673
1361-1307
1362-1885
1362-1454
1362-1045
1363-1112
1363-1508
1364-569
1365-162
1366-535
1367-1056
1367-352
1368-800
1368-1803
1368-1562
1369-1968
1369-914
1370-36
1371-663
1371-889
1372-650
1372-441
1373-1137
1373-1109
1373-778
1373-308
1374-1448
1374-1900
1374-886
1374-337
1374-123
1375-1033
1376-753
1377-715
1378-1360
1378-1454
1378-1225
1378-1201
1379-780
1379-1766
1380-11
1381-1547
1381-1441
1382-800
1382-37
1383-820
1384-915
1384-46
1384-709
1384-357
1385-86
1386-1714
1386-1199
1386-414
1387-855
1387-104
1387-1062
1387-1020
1387-1793
1388-1439
1388-1138
1389-1064
1390-1706
1390-1223
1390-1579
1391-1312
1391-589
1391-611
1391-259
1391-1679
1391-886
1392-1570
1393-1614
1393-1910
1393-311
1394-1853
1395-398
1395-577
1396-610
1397-716
1398-982
1398-657
1398-1760
1399-84
1400-1392
1401-521
1401-1517
1401-387
1402-928
1403-373
1404-498
1405-1613
1405-169
1405-1704
1405-1474
1406-1728
1407-1371
1408-497
1408-1171
1409-1872
1409-677
1409-547
1410-542
1410-382
1411-1888
1412-221
1413-168
1413-1290
1413-259
1414-1406
1414-1343
1414-122
1414-950
1415-58
1415-1282
1415-1655
1416-1735
1416-691
1416-1516
1417-1770
1418-1935
1418-1807
1419-234
1419-1881
1420-630
1421-1315
1421-687
1422-1615
1422-456
1423-1322
1424-1750
1424-1404
1425-1683
1426-1074
1427-7
1427-1672
1428-1617
1429-702
1430-1500
1430-370
1431-1179
1432-1968
1433-1696
1433-1265
1433-1590
1434-296
1434-1466
1434-14
1434-1070
1435-535
1435-645
1435-1080
1436-357
1437-173
1437-1664
1437-1467
1438-464
1439-499
1440-1860
1440-1779
1441-73
1442-653
1442-1115
1442-1194
1442-1477
1442-1885
1442-1568
1443-1419
1443-577
1444-974
1444-967
1444-521
1444-613
1445-1972
1445-1129
1446-694
1447-250
1447-1794
1447-1504
1448-680
1449-132
1449-473
1450-1762
1450-386
1450-1229
1451-1250
1451-408
1451-516
1452-1651
1453-1406
1453-565
1454-849
1454-1221
1455-1154
1455-1570
1456-1529
1456-110
1456-911
1456-1371
1457-1240
1458-984
1458-863
1459-1174
1460-382
1460-1406
1461-1156
1462-496
1462-1776
1463-1682
1464-761
1465-719
1466-259
1467-1489
1467-1064
1467-711
1467-1251
1467-821
1468-1313
1469-884
1470-992
1470-1645
1470-575
1470-487
1470-454
1471-552
1472-1524
1472-1012
1473-1401
1474-733
1474-1578
1474-1483
1474-347
1475-1995
1475-21
1475-1552
1475-816
1475-118
1476-626
1477-1337
1478-1550
1478-600
1478-200
1479-1354
1479-1080
1479-862
1480-354
1480-1394
1480-636
1480-1799
1481-1132
1481-61
1481-808
1481-376
1481-1052
1481-1267
1481-115
1481-204
1482-1954
1483-326
1484-1275
1485-1459
1485-470
1485-1814
1485-905
1486-1552
1487-1575
1488-1987
1488-1583
1489-634
1489-1784
1489-1565
1489-393
1490-283
1490-645
1490-30
1490-1179
1491-848
1491-1999
1491-1814
1492-713
1493-1054
1494-1097
1494-1927
1494-1172
1494-269
1495-1405
1495-755
1495-1970
1496-231
1497-1422
1498-744
1498-459
1499-726
1500-60
1500-597
1501-707
1502-1044
1503-1885
1503-305
1503-1668
1503-352
1504-1898
1504-1879
1505-401
1505-1038
1505-1034
1506-216
1506-1105
1506-785
1506-284
1506-224
1506-446
1507-892
1508-1141
1509-1863
1510-1427
1511-1980
1511-1003
1511-379
1511-136
1511-667
1512-1559
1513-1031
1514-922
1514-134
1515-1266
1516-274
1517-1344
1517-1453
1518-303
1518-452
1518-733
1519-687
1519-888
1519-246
1519-1399
1520-316
1520-558
1520-1314
1520-580
1520-1906
1520-477
1521-1911
1522-694
1523-89
1524-1721
1524-1812
1524-159
1524-1379
1524-1386
1524-1277
1524-201
1525-1799
1525-482
1525-1236
1526-1683
1527-251
1527-1684
1528-1076
1528-1044
1528-956
1528-1862
1528-856
1528-1149
1528-1891
1529-789
1530-249
1530-1624
1530-427
1530-935
1530-1055
1531-1584
1531-1669
1532-312
1532-16
1533-865
1534-1977
1534-650
1534-1202
1535-1920
1535-1800
1536-842
1536-1215
1536-1251
1537-1427
1538-1666
1538-1298
1538-43
1539-1618
1540-221
1540-1663
1540-1689
1540-1652
1540-1044
1541-658
1542-410
1543-1963
1543-13
1544-741
1545-800
1546-646
1547-352
1548-1878
1548-649
1548-1651
1549-464
1549-778
1550-482
1551-243
1551-778
1551-1224
1552-216
1553-1765
1553-930
1553-1467
1554-542
1555-1562
1556-181
1556-660
1557-589
1557-1771
1557-1838
1557-447
1558-1418
1558-1257
1558-595
1559-1207
1559-506
1560-84
1561-90
1561-206
1561-750
1562-730
1562-44
1562-502
1562-851
1562-1261
1562-76
1563-631
1563-1688
1564-882
1564-1123
1564-624
1565-1959
1566-675
1566-942
1567-447
1568-1736
1568-1932
1568-739
1568-68
1568-1920
1568-560
1569-1122
1569-462
1569-691
1570-1776
1571-1865
1571-1443
1571-995
1572-1492
1573-1818
1573-767
1573-195
1573-654
1573-726
1573-23
1574-1065
1575-1443
1576-1986
1576-235
1576-232
1576-325
1576-680
1577-982
1577-499
1578-145
1579-1698
1579-318
1579-484
1580-408
1580-629
1581-891
1582-347
1582-1021
1583-211
1583-969
1583-1357
1584-1844
1585-302
1586-1239
1586-1126
1586-1721
1587-370
1588-1179
1588-848
1588-1443
1589-152
1589-298
1590-304
1591-1453
1591-752
1591-1120
1592-1205
1593-714
1594-461
1595-551
1595-1830
1595-106
1595-698
1596-1926
1597-662
1598-1815
1598-1221
1598-56
1598-1947
1599-96
1599-1743
1599-1218
1600-940
1601-1344
1602-493
1603-1933
1604-657
1604-1411
1605-790
1606-1158
1606-134
1606-1636
1606-1
1607-1218
1607-1499
1608-440
1609-551
1609-14
1610-898
1611-696
1612-666
1612-1631
1613-757
1614-1437
1615-953
1615-1085
1616-1913
1617-719
1617-18
1618-497
1618-1760
1619-847
1619-349
1619-50
1620-1035
1621-326
1622-1823
1623-221
1623-1650
1624-1531
1625-1329
1626-896
1627-1440
1627-1550
1627-706
1627-110
1627-1542
1627-383
1628-1823
1629-758
1630-148
1631-1246
1632-963
1632-1718
1632-1138
1632-1866
1632-1212
1633-786
1634-1865
1634-986
1635-133
1635-1195
1635-235
1636-1988
1637-1754
1637-1335
1638-569
1639-1334
1640-1110
1640-409
1641-498
1641-1776
1641-1840
1642-1581
1643-499
1644-1662
1644-1064
1644-778
1645-1556
1646-339
1647-1273
1647-564
1647-1403
1648-316
1649-596
1650-1550
1651-1340
1651-73
1652-942
1653-1005
1653-12
1654-746
1655-1254
1656-768
1657-694
1657-268
1657-1572
1658-1273
1658-371
1659-936
1660-1021
1661-480
1662-1103
1663-1293
1663-1225
1664-404
1665-481
1665-1606
1665-1879
1666-1056
1666-540
1666-1324
1667-49
1667-1299
1668-1479
1669-1203
1669-1235
1670-1553
1670-1041
1670-1101
1671-1135
1671-539
1671-20
1671-1309
1671-1703
1671-1940
1671-1783
1671-126
1672-853
1672-491
1673-1601
1674-668
1675-1293
1675-1584
1675-1353
1675-474
1675-1364
1676-1904
1676-939
1677-1279
1678-1491
1679-1914
1679-814
1679-1586
1679-401
1680-63
1680-1167
1681-692
1682-261
1682-1915
1683-1177
1684-1368
1684-1197
1685-523
1685-313
1685-1936
1685-1944
1686-711
1687-411
1688-1805
1689-97
1690-443
1690-1968
1691-1544
1692-1322
1692-1108
1692-1781
1692-571
1693-342
1694-1870
1695-607
1696-1966
1697-1567
1698-1572
1698-244
1698-1172
1698-415
1699-525
1699-503
1700-1859
1700-996
1700-965
1701-1797
1702-1325
1702-1882
1702-291
1702-1770
1702-1979
1703-673
1704-524
1704-1090
1704-832
1705-819
1706-186
1707-45
1707-1175
1708-1339
1709-1537
1709-1599
1710-1065
1711-769
1711-893
1711-1529
1711-70
1711-747
1711-1597
1712-556
1712-1013
1713-342
1713-199
1714-1612
1715-715
1715-1794
1715-1005
1716-221
1716-1861
1716-487
1717-125
1717-1780
1717-481
1717-717
1717-1015
1717-683
1717-582
1717-982
1717-1010
1718-659
1719-693
1720-1178
1721-75
1722-73
1723-747
1723-1581
1723-741
1723-307
1723-728
1724-711
1725-1136
1725-1969
1726-1618
1727-1745
1728-1187
1729-592
1729-782
1730-1134
1731-1302
1731-1775
1732-181
1733-1731
1733-930
1733-1330
1733-1491
1734-639
1734-2
1734-1389
1734-634
1734-1226
1735-1769
1736-1209
1736-1040
1736-1993
1736-114
1736-293
1736-1991
1736-978
1737-1067
1737-421
1737-432
1737-961
1737-1105
1738-144
1739-790
1740-835
1741-1507
1741-871
1741-1720
1741-1557
1742-463
1742-549
1743-1350
1744-1060
1745-518
1746-1538
1746-994
1746-1377
1746-699
1747-1687
1748-1731
1749-944
1749-1302
1749-1810
1749-536
1749-1319
1750-541
1751-1874
1751-1379
1751-66
1751-432
1751-787
1751-1567
1752-827
1752-437
1753-858
1754-1150
1754-647
1754-323
1755-478
1756-1784
1756-1954
1756-106
1756-201
1757-816
1757-1983
1757-1416
1757-1977
1757-898
1758-1284
1759-1199
1759-1620
1759-1842
1759-1999
1760-1282
1761-1356
1762-1879
1762-1874
1763-1149
1763-1761
1764-822
1765-255
1766-1308
1767-1325
1768-1012
1769-942
1769-567
1770-594
1770-1643
1770-239
1771-1491
1772-1765
1772-221
1773-845
1773-1085
1773-565
1773-1762
1773-1300
1774-125
1775-425
1776-1112
1777-1347
1777-68
1778-1919
1779-459
1779-1839
1780-412
1780-273
1781-202
1781-913
1782-945
1782-1037
1782-1966
1783-1586
1783-970
1783-1566
1783-1238
1783-1879
1784-876
1784-886
1784-1130
1785-441
1785-81
1785-1587
1785-139
1786-1918
1786-471
1786-1578
1786-1515
1787-1316
1788-1018
1789-932
1790-1945
1790-1153
1790-1111
1790-1440
1791-198
1792-291
1792-239
1792-1885
1792-1610
1792-442
1792-1341
1792-726
1793-15
1794-1197
1794-366
1795-323
1795-1939
1795-1967
1796-1668
1797-139
1797-1373
1797-1791
1797-1159
1798-1871
1798-597
1799-969
1799-1062
1799-387
1799-256
1799-218
1800-10
1800-873
1800-1074
1801-1251
1801-656
1801-1947
1802-295
1802-61
1802-1132
1802-1701
1802-1047
1802-148
1802-1751
1802-1770
1803-1929
1804-1200
1804-625
1805-123
1805-167
1805-1044
1805-1473
1806-1260
1807-728
1807-427
1807-431
1807-1247
1808-38
1808-1259
1808-1561
1808-140
1808-1711
1809-1287
1810-269
1811-1883
1812-1809
1812-133
1812-577
1812-282
1813-763
1814-459
1815-1788
1815-1821
1816-1088
1816-334
1817-967
1817-1485
1818-825
1819-313
1820-11
1821-198
1822-1654
1823-33
1823-1424
1823-422
1824-405
1825-477
1825-284
1825-988
1825-410
1825-956
1826-947
1827-1955
1828-61
1828-1718
1828-1802
1828-225
1829-699
1830-1918
1831-184
1832-35
1833-528
1834-1781
1834-1062
1835-1191
1836-1037
1837-1657
1838-317
1839-378
1840-1154
1841-149
1841-351
1841-492
1841-241
1841-1671
1841-43
1841-567
1842-357
1843-1876
1843-29
1844-1333
1845-901
1845-816
1845-1642
1845-396
1845-1601
1845-296
1846-96
1846-1181
1846-541
1847-178
1847-940
1848-684
1849-171
1849-1645
1850-1477
1851-674
1851-1204
1851-162
1852-190
1853-179
1854-1541
1854-934
1855-772
1855-1042
1855-1933
1856-870
1856-1140
1857-1658
1857-1910
1858-806
1858-902
1858-947
1858-1909
1858-1255
1859-235
1859-352
1860-1896
1861-433
1861-1333
1861-1017
1861-422
1861-1874
1861-852
1862-1160
1863-1156
1863-1836
1864-207
1864-1239
1864-931
1864-1276
1865-476
1866-1988
1867-849
1868-849
1868-150
1868-290
1868-919
1869-1926
1869-1553
1870-1434
1870-118
1871-1999
1871-507
1872-801
1873-1225
1874-149
1874-1204
1874-1786
1875-264
1875-1036
1876-1635
1877-1139
1877-256
1878-1375
1878-1670
1878-1063
1879-1510
1880-1945
1880-1940
1881-1285
1882-1177
1883-1837
1884-670
1885-1206
1885-1185
1886-1419
1887-1441
1887-928
1888-1483
1889-912
1889-549
1890-1219
1891-193
1892-275
1892-1318
1893-686
1894-1025
1894-521
1894-1790
1894-1662
1894-731
1894-866
1895-1613
1896-1751
1897-1201
1897-1747
1898-890
1899-686
1900-1950
1901-624
1901-878
1901-503
1901-729
1902-638
1902-1021
1903-148
1904-1055
1905-1954
1905-1207
1906-1446
1906-885
1907-1161
1908-1131
1908-197
1909-1887
1910-6
1910-1349
1910-710
1910-1140
1910-183
1910-1619
1911-1681
1912-333
1912-1925
1913-1450
1914-2
1914-1763
1914-1737
1915-1689
1915-633
1915-1064
1916-1469
1916-938
1916-1627
1916-695
1917-958
1917-210
1918-519
1918-664
1918-1812
1919-1040
1919-352
1919-298
1920-1320
1921-147
1922-400
1923-1009
1923-1978
1923-1908
1923-550
1924-488
1925-726
1926-1091
1927-641
1928-596
1929-1879
1929-1924
1930-1019
1931-112
1931-1069
1931-1568
1932-1555
1932-721
1932-849
1932-943
1933-1053
1933-1231
1933-209
1933-246
1934-43
1934-1407
1934-1889
1935-685
1936-1924
1936-730
1936-295
1936-1757
1937-494
1938-1506
1938-1486
1939-38
1939-27
1939-1616
1939-747
1939-1315
1940-247
1941-1769
1942-301
1943-708
1943-965
1944-490
1945-902
1945-1810
1945-1380
1946-1919
1947-844
1947-1917
1947-1558
1947-1528
1948-538
1949-1050
1950-1259
1950-285
1951-1927
1951-75
1951-282
1951-1000
1952-1748
1953-325
1953-481
1953-1562
1953-1094
1953-1120
1953-780
1953-887
1954-790
1955-1287
1956-922
1956-1854
1956-1074
1957-1761
1957-1440
1958-340
1958-219
1958-1030
1959-1852
1960-92
1960-1866
1961-1133
1962-1223
1962-273
1963-429
1964-441
1964-1647
1964-19
1965-944
1966-133
1967-1223
1968-531
1968-1145
1969-1607
1969-1731
1969-587
1969-1150
1970-373
1970-1301
1971-735
1971-549
1971-46
1971-1184
1972-601
1972-71
1973-1848
1973-1934
1973-741
1974-439
1975-61
1975-1121
1975-782
1975-371
1975-1024
1976-1508
1977-1678
1977-1613
1978-769
1978-636
1978-1511
1978-648
1978-1679
1979-268
1979-1037
1980-1780
1981-577
1981-1378
1982-341
1983-214
1983-1810
1984-40
1985-8
1986-1073
1986-1165
1986-542
1987-1540
1988-194
1988-1423
1989-806
1989-451
1989-564
1990-161
1990-18
1991-424
1991-1867
1992-386
1992-1609
1992-1722
1992-1030
1993-760
1993-1310
1994-554
1994-506
1994-1809
1994-953
1995-1905
1995-933
1996-1142
1996-849
1997-509
1998-729
1999-532
start-929
start-203
start-368
start-248
start-450
start-1810
end-370
end-1666
